run_id,sample_idx,y_true,y_pred,y_prob_0,y_prob_1
cats_vs_dogs_resnet18_linear_123,0,0,0,0.9925740957260132,0.007425926625728607
cats_vs_dogs_resnet18_linear_123,1,0,0,0.999985933303833,1.4012313840794377e-05
cats_vs_dogs_resnet18_linear_123,2,0,0,0.9999760389328003,2.39565888477955e-05
cats_vs_dogs_resnet18_linear_123,3,0,0,0.9999990463256836,9.905320439429488e-07
cats_vs_dogs_resnet18_linear_123,4,0,0,0.9999504089355469,4.9582627980271354e-05
cats_vs_dogs_resnet18_linear_123,5,0,0,0.9999922513961792,7.790869858581573e-06
cats_vs_dogs_resnet18_linear_123,6,0,0,0.9999434947967529,5.651711762766354e-05
cats_vs_dogs_resnet18_linear_123,7,0,0,1.0,4.150793486701332e-08
cats_vs_dogs_resnet18_linear_123,8,0,0,0.988384485244751,0.011615484021604061
cats_vs_dogs_resnet18_linear_123,9,0,0,0.999954104423523,4.594559868564829e-05
cats_vs_dogs_resnet18_linear_123,10,0,0,0.998302698135376,0.0016973312012851238
cats_vs_dogs_resnet18_linear_123,11,0,0,0.6522258520126343,0.34777411818504333
cats_vs_dogs_resnet18_linear_123,12,0,0,0.9994964599609375,0.0005035409703850746
cats_vs_dogs_resnet18_linear_123,13,0,0,0.9996194839477539,0.0003804979787673801
cats_vs_dogs_resnet18_linear_123,14,0,0,0.9999961853027344,3.769589511648519e-06
cats_vs_dogs_resnet18_linear_123,15,0,0,0.9970707893371582,0.002929238835349679
cats_vs_dogs_resnet18_linear_123,16,0,0,0.9999960660934448,3.890654625138268e-06
cats_vs_dogs_resnet18_linear_123,17,0,0,0.9197326898574829,0.08026730269193649
cats_vs_dogs_resnet18_linear_123,18,0,1,0.462395042181015,0.5376049280166626
cats_vs_dogs_resnet18_linear_123,19,0,0,0.999514102935791,0.0004858997999690473
cats_vs_dogs_resnet18_linear_123,20,0,0,0.9999206066131592,7.940594514366239e-05
cats_vs_dogs_resnet18_linear_123,21,0,0,0.9998865127563477,0.0001135334387072362
cats_vs_dogs_resnet18_linear_123,22,0,0,0.9999943971633911,5.646317731589079e-06
cats_vs_dogs_resnet18_linear_123,23,0,0,0.99992835521698,7.169120362959802e-05
cats_vs_dogs_resnet18_linear_123,24,0,0,0.9998871088027954,0.00011288334644632414
cats_vs_dogs_resnet18_linear_123,25,0,0,0.9965330362319946,0.003466953756287694
cats_vs_dogs_resnet18_linear_123,26,0,1,0.2695634961128235,0.7304365038871765
cats_vs_dogs_resnet18_linear_123,27,0,0,0.8649686574935913,0.1350313425064087
cats_vs_dogs_resnet18_linear_123,28,0,0,0.9170820116996765,0.08291801065206528
cats_vs_dogs_resnet18_linear_123,29,0,0,0.9978095889091492,0.0021903878077864647
cats_vs_dogs_resnet18_linear_123,30,0,0,0.9989173412322998,0.0010826761135831475
cats_vs_dogs_resnet18_linear_123,31,0,0,0.9999254941940308,7.452914724126458e-05
cats_vs_dogs_resnet18_linear_123,32,0,0,0.999432384967804,0.0005676134605892003
cats_vs_dogs_resnet18_linear_123,33,0,0,0.9999712705612183,2.8697233574348502e-05
cats_vs_dogs_resnet18_linear_123,34,0,0,0.9989456534385681,0.0010543755488470197
cats_vs_dogs_resnet18_linear_123,35,0,0,0.9996125102043152,0.0003874868561979383
cats_vs_dogs_resnet18_linear_123,36,0,0,0.9998899698257446,0.00011006584827555344
cats_vs_dogs_resnet18_linear_123,37,0,0,0.9954664707183838,0.004533548839390278
cats_vs_dogs_resnet18_linear_123,38,0,0,0.9999758005142212,2.4140426830854267e-05
cats_vs_dogs_resnet18_linear_123,39,0,0,0.9999940395355225,5.9269236771797296e-06
cats_vs_dogs_resnet18_linear_123,40,0,0,0.9994701743125916,0.0005297879106365144
cats_vs_dogs_resnet18_linear_123,41,0,0,0.99969482421875,0.0003051955718547106
cats_vs_dogs_resnet18_linear_123,42,0,0,0.9999785423278809,2.142618177458644e-05
cats_vs_dogs_resnet18_linear_123,43,0,0,0.7429751753807068,0.2570248246192932
cats_vs_dogs_resnet18_linear_123,44,0,0,0.999997615814209,2.3734075966785895e-06
cats_vs_dogs_resnet18_linear_123,45,0,0,0.9990468621253967,0.000953070295508951
cats_vs_dogs_resnet18_linear_123,46,0,0,0.9999562501907349,4.375852586235851e-05
cats_vs_dogs_resnet18_linear_123,47,0,0,0.9724280834197998,0.0275719054043293
cats_vs_dogs_resnet18_linear_123,48,0,0,0.9999815225601196,1.847642670327332e-05
cats_vs_dogs_resnet18_linear_123,49,0,0,0.9955269694328308,0.004473012872040272
cats_vs_dogs_resnet18_linear_123,50,0,0,0.999987006187439,1.2970116586075164e-05
cats_vs_dogs_resnet18_linear_123,51,0,0,0.9999614953994751,3.851908695651218e-05
cats_vs_dogs_resnet18_linear_123,52,0,0,0.9998470544815063,0.0001529044529888779
cats_vs_dogs_resnet18_linear_123,53,0,1,0.4492906928062439,0.5507092475891113
cats_vs_dogs_resnet18_linear_123,54,0,0,0.999735414981842,0.0002645415661390871
cats_vs_dogs_resnet18_linear_123,55,0,0,0.9996644258499146,0.0003355927183292806
cats_vs_dogs_resnet18_linear_123,56,0,0,0.9986625909805298,0.0013373481342568994
cats_vs_dogs_resnet18_linear_123,57,0,0,0.999466598033905,0.0005333884619176388
cats_vs_dogs_resnet18_linear_123,58,0,0,0.886582612991333,0.11341740936040878
cats_vs_dogs_resnet18_linear_123,59,0,0,0.999845027923584,0.00015495666593778878
cats_vs_dogs_resnet18_linear_123,60,0,0,0.999927282333374,7.268723129527643e-05
cats_vs_dogs_resnet18_linear_123,61,0,0,0.9982514977455139,0.0017485180869698524
cats_vs_dogs_resnet18_linear_123,62,0,0,0.9977527260780334,0.002247277181595564
cats_vs_dogs_resnet18_linear_123,63,0,1,0.10035591572523117,0.8996440768241882
cats_vs_dogs_resnet18_linear_123,64,0,0,0.999826967716217,0.0001730314252199605
cats_vs_dogs_resnet18_linear_123,65,0,0,0.9988333582878113,0.0011666540522128344
cats_vs_dogs_resnet18_linear_123,66,0,0,0.9999984502792358,1.5068508218973875e-06
cats_vs_dogs_resnet18_linear_123,67,0,0,0.9999837875366211,1.6208961824304424e-05
cats_vs_dogs_resnet18_linear_123,68,0,0,0.9999924898147583,7.470162017852999e-06
cats_vs_dogs_resnet18_linear_123,69,0,0,0.9999754428863525,2.458137896610424e-05
cats_vs_dogs_resnet18_linear_123,70,0,0,0.999784529209137,0.0002154471876565367
cats_vs_dogs_resnet18_linear_123,71,0,0,0.9994376301765442,0.0005623007891699672
cats_vs_dogs_resnet18_linear_123,72,0,0,0.9999995231628418,5.187522447158699e-07
cats_vs_dogs_resnet18_linear_123,73,0,0,0.9943464398384094,0.005653562489897013
cats_vs_dogs_resnet18_linear_123,74,0,0,0.9999959468841553,4.025776888738619e-06
cats_vs_dogs_resnet18_linear_123,75,0,0,0.879020631313324,0.12097939848899841
cats_vs_dogs_resnet18_linear_123,76,0,0,0.9672467708587646,0.03275325521826744
cats_vs_dogs_resnet18_linear_123,77,0,0,0.9989940524101257,0.0010059135966002941
cats_vs_dogs_resnet18_linear_123,78,0,0,0.6346932053565979,0.3653067648410797
cats_vs_dogs_resnet18_linear_123,79,0,0,0.9998893737792969,0.00011060568795073777
cats_vs_dogs_resnet18_linear_123,80,0,0,0.9999994039535522,6.540728350046265e-07
cats_vs_dogs_resnet18_linear_123,81,0,1,0.3003349304199219,0.6996650099754333
cats_vs_dogs_resnet18_linear_123,82,0,0,0.9999884366989136,1.158723625849234e-05
cats_vs_dogs_resnet18_linear_123,83,0,0,0.9999345541000366,6.538795423693955e-05
cats_vs_dogs_resnet18_linear_123,84,0,0,0.9997367262840271,0.0002632794785313308
cats_vs_dogs_resnet18_linear_123,85,0,0,0.9999924898147583,7.555767297162674e-06
cats_vs_dogs_resnet18_linear_123,86,0,0,0.9840938448905945,0.01590614579617977
cats_vs_dogs_resnet18_linear_123,87,0,0,0.9708940386772156,0.029106007888913155
cats_vs_dogs_resnet18_linear_123,88,0,0,0.9968687891960144,0.003131158882752061
cats_vs_dogs_resnet18_linear_123,89,0,0,0.999972939491272,2.7077849154011346e-05
cats_vs_dogs_resnet18_linear_123,90,0,0,0.9999960660934448,3.972763806814328e-06
cats_vs_dogs_resnet18_linear_123,91,0,0,0.9864792227745056,0.013520823791623116
cats_vs_dogs_resnet18_linear_123,92,0,0,0.9998586177825928,0.00014141487190499902
cats_vs_dogs_resnet18_linear_123,93,0,0,0.999998927116394,1.028389306156896e-06
cats_vs_dogs_resnet18_linear_123,94,0,0,0.9999996423721313,4.056196019064373e-07
cats_vs_dogs_resnet18_linear_123,95,0,0,0.9713180661201477,0.028681857511401176
cats_vs_dogs_resnet18_linear_123,96,0,0,0.9958813190460205,0.004118727520108223
cats_vs_dogs_resnet18_linear_123,97,0,0,0.9999977350234985,2.3066425001161406e-06
cats_vs_dogs_resnet18_linear_123,98,0,0,0.9921775460243225,0.007822432555258274
cats_vs_dogs_resnet18_linear_123,99,0,0,0.9999911785125732,8.782101758697536e-06
cats_vs_dogs_resnet18_linear_123,100,0,0,0.9995560050010681,0.00044401176273822784
cats_vs_dogs_resnet18_linear_123,101,0,0,0.9769301414489746,0.023069819435477257
cats_vs_dogs_resnet18_linear_123,102,0,0,0.9964936375617981,0.003506341250613332
cats_vs_dogs_resnet18_linear_123,103,0,0,0.9999743700027466,2.5643528715590946e-05
cats_vs_dogs_resnet18_linear_123,104,0,0,0.9993798732757568,0.0006201554206199944
cats_vs_dogs_resnet18_linear_123,105,0,0,0.999961256980896,3.8703343307133764e-05
cats_vs_dogs_resnet18_linear_123,106,0,0,0.9999942779541016,5.698346285498701e-06
cats_vs_dogs_resnet18_linear_123,107,0,0,0.9992192983627319,0.0007806694484315813
cats_vs_dogs_resnet18_linear_123,108,0,0,0.9925121068954468,0.007487887982279062
cats_vs_dogs_resnet18_linear_123,109,0,0,0.9999998807907104,1.3495515815975523e-07
cats_vs_dogs_resnet18_linear_123,110,0,0,0.9999744892120361,2.5487881430308335e-05
cats_vs_dogs_resnet18_linear_123,111,0,0,0.9999983310699463,1.6893382053240202e-06
cats_vs_dogs_resnet18_linear_123,112,0,0,0.9999252557754517,7.473924051737413e-05
cats_vs_dogs_resnet18_linear_123,113,0,0,0.9992800354957581,0.0007200052496045828
cats_vs_dogs_resnet18_linear_123,114,0,0,0.9999732971191406,2.6712108592619188e-05
cats_vs_dogs_resnet18_linear_123,115,0,0,0.9958490133285522,0.004151022993028164
cats_vs_dogs_resnet18_linear_123,116,0,0,0.9999996423721313,3.6896244637318887e-07
cats_vs_dogs_resnet18_linear_123,117,0,0,0.9963871240615845,0.0036128724459558725
cats_vs_dogs_resnet18_linear_123,118,0,0,0.9999618530273438,3.809024565271102e-05
cats_vs_dogs_resnet18_linear_123,119,0,0,0.9996857643127441,0.0003142833593301475
cats_vs_dogs_resnet18_linear_123,120,0,0,0.999954342842102,4.566795178106986e-05
cats_vs_dogs_resnet18_linear_123,121,0,0,0.9999737739562988,2.6255785996909253e-05
cats_vs_dogs_resnet18_linear_123,122,0,0,0.9999890327453613,1.0986306733684614e-05
cats_vs_dogs_resnet18_linear_123,123,0,0,0.9999740123748779,2.5942479624063708e-05
cats_vs_dogs_resnet18_linear_123,124,0,0,0.9999749660491943,2.5068127797567286e-05
cats_vs_dogs_resnet18_linear_123,125,0,0,0.9998921155929565,0.0001078900822903961
cats_vs_dogs_resnet18_linear_123,126,0,0,0.9999161958694458,8.385519322473556e-05
cats_vs_dogs_resnet18_linear_123,127,0,0,0.9999641180038452,3.585370723158121e-05
cats_vs_dogs_resnet18_linear_123,128,0,0,0.9997708201408386,0.00022918876493349671
cats_vs_dogs_resnet18_linear_123,129,0,0,0.9999986886978149,1.3632675290864427e-06
cats_vs_dogs_resnet18_linear_123,130,0,0,0.9999247789382935,7.523443491663784e-05
cats_vs_dogs_resnet18_linear_123,131,0,0,0.9951411485671997,0.004858883563429117
cats_vs_dogs_resnet18_linear_123,132,0,0,0.9997228980064392,0.0002771028957795352
cats_vs_dogs_resnet18_linear_123,133,0,0,0.9999990463256836,9.442379678148427e-07
cats_vs_dogs_resnet18_linear_123,134,0,0,0.9999933242797852,6.626791673625121e-06
cats_vs_dogs_resnet18_linear_123,135,0,0,0.9495097398757935,0.05049027502536774
cats_vs_dogs_resnet18_linear_123,136,0,0,0.7511756420135498,0.248824343085289
cats_vs_dogs_resnet18_linear_123,137,0,0,0.7593789100646973,0.24062113463878632
cats_vs_dogs_resnet18_linear_123,138,0,0,0.999920129776001,7.99142217147164e-05
cats_vs_dogs_resnet18_linear_123,139,0,0,0.999466598033905,0.0005334411398507655
cats_vs_dogs_resnet18_linear_123,140,0,0,0.999656081199646,0.0003439629217609763
cats_vs_dogs_resnet18_linear_123,141,0,0,0.9974920749664307,0.0025078810285776854
cats_vs_dogs_resnet18_linear_123,142,0,0,0.9999654293060303,3.461107553448528e-05
cats_vs_dogs_resnet18_linear_123,143,0,0,0.999875545501709,0.00012442143633961678
cats_vs_dogs_resnet18_linear_123,144,0,0,0.9999415874481201,5.8371031627757475e-05
cats_vs_dogs_resnet18_linear_123,145,0,0,0.9999468326568604,5.32225712959189e-05
cats_vs_dogs_resnet18_linear_123,146,0,0,0.971244752407074,0.028755255043506622
cats_vs_dogs_resnet18_linear_123,147,0,1,0.4663260281085968,0.5336740016937256
cats_vs_dogs_resnet18_linear_123,148,0,0,0.898363471031189,0.10163655132055283
cats_vs_dogs_resnet18_linear_123,149,0,0,0.9688500761985779,0.03114990144968033
cats_vs_dogs_resnet18_linear_123,150,0,0,0.9999788999557495,2.110754940076731e-05
cats_vs_dogs_resnet18_linear_123,151,0,0,0.9988777041435242,0.001122245448641479
cats_vs_dogs_resnet18_linear_123,152,0,0,0.9528133869171143,0.04718666523694992
cats_vs_dogs_resnet18_linear_123,153,0,0,0.996527373790741,0.0034726138692349195
cats_vs_dogs_resnet18_linear_123,154,0,0,0.9998862743377686,0.00011375190661055967
cats_vs_dogs_resnet18_linear_123,155,0,0,0.9940588474273682,0.0059411791153252125
cats_vs_dogs_resnet18_linear_123,156,0,0,0.996138870716095,0.003861118108034134
cats_vs_dogs_resnet18_linear_123,157,0,0,0.5229947566986084,0.4770053029060364
cats_vs_dogs_resnet18_linear_123,158,0,0,0.9970614314079285,0.0029385932721197605
cats_vs_dogs_resnet18_linear_123,159,0,0,0.9238107204437256,0.07618924230337143
cats_vs_dogs_resnet18_linear_123,160,0,0,0.999988317489624,1.170893847302068e-05
cats_vs_dogs_resnet18_linear_123,161,0,0,0.9999881982803345,1.1789701602538116e-05
cats_vs_dogs_resnet18_linear_123,162,0,0,0.9999998807907104,1.6732404617414431e-07
cats_vs_dogs_resnet18_linear_123,163,0,1,0.13742190599441528,0.8625780940055847
cats_vs_dogs_resnet18_linear_123,164,0,0,0.9994731545448303,0.0005268915556371212
cats_vs_dogs_resnet18_linear_123,165,0,0,0.9999557733535767,4.425797669682652e-05
cats_vs_dogs_resnet18_linear_123,166,0,0,0.9998130202293396,0.000187018871656619
cats_vs_dogs_resnet18_linear_123,167,0,0,0.9997320771217346,0.00026788143441081047
cats_vs_dogs_resnet18_linear_123,168,0,0,0.9152677059173584,0.08473224192857742
cats_vs_dogs_resnet18_linear_123,169,0,0,0.995951771736145,0.004048188682645559
cats_vs_dogs_resnet18_linear_123,170,0,0,0.9998162388801575,0.0001837975432863459
cats_vs_dogs_resnet18_linear_123,171,0,1,0.005231441464275122,0.9947686195373535
cats_vs_dogs_resnet18_linear_123,172,0,0,0.9999294281005859,7.05400452716276e-05
cats_vs_dogs_resnet18_linear_123,173,0,0,0.9025876522064209,0.09741237014532089
cats_vs_dogs_resnet18_linear_123,174,0,0,0.9999988079071045,1.143502231570892e-06
cats_vs_dogs_resnet18_linear_123,175,0,0,0.9074900150299072,0.09250996261835098
cats_vs_dogs_resnet18_linear_123,176,0,0,0.9829334616661072,0.017066484317183495
cats_vs_dogs_resnet18_linear_123,177,0,0,0.9797619581222534,0.020238110795617104
cats_vs_dogs_resnet18_linear_123,178,0,0,0.9614542722702026,0.038545720279216766
cats_vs_dogs_resnet18_linear_123,179,0,1,0.25532448291778564,0.7446755766868591
cats_vs_dogs_resnet18_linear_123,180,0,0,0.9384127855300903,0.06158722937107086
cats_vs_dogs_resnet18_linear_123,181,0,0,0.9990983009338379,0.0009017706615850329
cats_vs_dogs_resnet18_linear_123,182,0,0,0.9977394342422485,0.0022606023121625185
cats_vs_dogs_resnet18_linear_123,183,0,0,0.9956817626953125,0.0043182373046875
cats_vs_dogs_resnet18_linear_123,184,0,0,0.9998327493667603,0.00016726569447200745
cats_vs_dogs_resnet18_linear_123,185,0,0,0.994522213935852,0.005477820057421923
cats_vs_dogs_resnet18_linear_123,186,0,0,0.9993610978126526,0.0006389295449480414
cats_vs_dogs_resnet18_linear_123,187,0,0,0.999610960483551,0.0003890332591254264
cats_vs_dogs_resnet18_linear_123,188,0,0,0.9927980899810791,0.0072019146755337715
cats_vs_dogs_resnet18_linear_123,189,0,0,0.9997956156730652,0.0002043969725491479
cats_vs_dogs_resnet18_linear_123,190,0,0,1.0,3.026896777669208e-08
cats_vs_dogs_resnet18_linear_123,191,0,0,0.7810232043266296,0.21897682547569275
cats_vs_dogs_resnet18_linear_123,192,0,0,0.9999963045120239,3.7494760363188107e-06
cats_vs_dogs_resnet18_linear_123,193,0,0,0.9997640252113342,0.0002360352227697149
cats_vs_dogs_resnet18_linear_123,194,0,0,0.9998637437820435,0.00013624118582811207
cats_vs_dogs_resnet18_linear_123,195,0,0,0.9999784231185913,2.156430491595529e-05
cats_vs_dogs_resnet18_linear_123,196,0,0,0.9999008178710938,9.916152339428663e-05
cats_vs_dogs_resnet18_linear_123,197,0,0,0.9999282360076904,7.176473445724696e-05
cats_vs_dogs_resnet18_linear_123,198,0,0,0.9999980926513672,1.8598070710140746e-06
cats_vs_dogs_resnet18_linear_123,199,0,0,0.9999289512634277,7.103937969077379e-05
cats_vs_dogs_resnet18_linear_123,200,0,0,0.999922513961792,7.748496136628091e-05
cats_vs_dogs_resnet18_linear_123,201,0,0,0.9975420236587524,0.002458009636029601
cats_vs_dogs_resnet18_linear_123,202,0,0,0.9923387765884399,0.00766117125749588
cats_vs_dogs_resnet18_linear_123,203,0,0,0.5581837892532349,0.4418162405490875
cats_vs_dogs_resnet18_linear_123,204,0,0,0.9999847412109375,1.528929169580806e-05
cats_vs_dogs_resnet18_linear_123,205,0,0,0.6630642414093018,0.33693575859069824
cats_vs_dogs_resnet18_linear_123,206,0,0,0.999882698059082,0.00011725249351002276
cats_vs_dogs_resnet18_linear_123,207,0,0,0.9957005381584167,0.004299490246921778
cats_vs_dogs_resnet18_linear_123,208,0,0,0.9997597336769104,0.00024023708829190582
cats_vs_dogs_resnet18_linear_123,209,0,0,0.9999299049377441,7.005684165051207e-05
cats_vs_dogs_resnet18_linear_123,210,0,0,0.9997790455818176,0.00022100027126725763
cats_vs_dogs_resnet18_linear_123,211,0,0,0.9999948740005493,5.14416251462535e-06
cats_vs_dogs_resnet18_linear_123,212,0,0,0.999852180480957,0.0001477992773288861
cats_vs_dogs_resnet18_linear_123,213,0,1,0.3235456049442291,0.6764543652534485
cats_vs_dogs_resnet18_linear_123,214,0,0,0.9999943971633911,5.566392701439327e-06
cats_vs_dogs_resnet18_linear_123,215,0,0,0.9987461566925049,0.0012538011651486158
cats_vs_dogs_resnet18_linear_123,216,0,0,0.9973549842834473,0.0026449942961335182
cats_vs_dogs_resnet18_linear_123,217,0,0,0.999971866607666,2.809486431942787e-05
cats_vs_dogs_resnet18_linear_123,218,0,0,0.9997805953025818,0.00021943745377939194
cats_vs_dogs_resnet18_linear_123,219,0,0,0.999832272529602,0.00016773508104961365
cats_vs_dogs_resnet18_linear_123,220,0,1,0.3083808124065399,0.6916192173957825
cats_vs_dogs_resnet18_linear_123,221,0,0,0.9900292754173279,0.00997075904160738
cats_vs_dogs_resnet18_linear_123,222,0,0,0.9999008178710938,9.917760326061398e-05
cats_vs_dogs_resnet18_linear_123,223,0,0,0.9938107132911682,0.006189252249896526
cats_vs_dogs_resnet18_linear_123,224,0,0,0.9991633892059326,0.0008366836700588465
cats_vs_dogs_resnet18_linear_123,225,0,0,0.9856241941452026,0.014375793747603893
cats_vs_dogs_resnet18_linear_123,226,0,0,0.9945493340492249,0.005450649652630091
cats_vs_dogs_resnet18_linear_123,227,0,0,0.9999542236328125,4.5800188672728837e-05
cats_vs_dogs_resnet18_linear_123,228,0,0,0.9999988079071045,1.1750119028874906e-06
cats_vs_dogs_resnet18_linear_123,229,0,0,0.9998323917388916,0.00016758304263930768
cats_vs_dogs_resnet18_linear_123,230,0,1,0.393635094165802,0.6063648462295532
cats_vs_dogs_resnet18_linear_123,231,0,0,0.9095566272735596,0.09044335782527924
cats_vs_dogs_resnet18_linear_123,232,0,0,0.9999918937683105,8.07376181910513e-06
cats_vs_dogs_resnet18_linear_123,233,0,0,0.9999860525131226,1.3916855095885694e-05
cats_vs_dogs_resnet18_linear_123,234,0,0,0.9998347759246826,0.00016518068150617182
cats_vs_dogs_resnet18_linear_123,235,0,0,0.9998267292976379,0.00017325562657788396
cats_vs_dogs_resnet18_linear_123,236,0,0,0.9999921321868896,7.87623503128998e-06
cats_vs_dogs_resnet18_linear_123,237,0,0,0.9999876022338867,1.2389026778691914e-05
cats_vs_dogs_resnet18_linear_123,238,0,0,0.9998584985733032,0.00014149915659800172
cats_vs_dogs_resnet18_linear_123,239,0,1,0.167593315243721,0.8324066400527954
cats_vs_dogs_resnet18_linear_123,240,0,0,0.8494417071342468,0.15055827796459198
cats_vs_dogs_resnet18_linear_123,241,0,0,0.9981734752655029,0.0018264860846102238
cats_vs_dogs_resnet18_linear_123,242,0,0,0.9977413415908813,0.0022587014827877283
cats_vs_dogs_resnet18_linear_123,243,0,0,0.999523401260376,0.0004766644851770252
cats_vs_dogs_resnet18_linear_123,244,0,0,0.9998252987861633,0.00017469868180342019
cats_vs_dogs_resnet18_linear_123,245,0,0,0.9762819409370422,0.02371809259057045
cats_vs_dogs_resnet18_linear_123,246,0,0,0.9997895359992981,0.0002105340827256441
cats_vs_dogs_resnet18_linear_123,247,0,0,0.9999434947967529,5.653636253555305e-05
cats_vs_dogs_resnet18_linear_123,248,0,0,0.9997987151145935,0.0002012822515098378
cats_vs_dogs_resnet18_linear_123,249,0,0,0.9998459815979004,0.00015394826186820865
cats_vs_dogs_resnet18_linear_123,250,0,0,1.0,3.255386360478951e-08
cats_vs_dogs_resnet18_linear_123,251,0,0,0.9995112419128418,0.0004887815448455513
cats_vs_dogs_resnet18_linear_123,252,0,0,0.9930481314659119,0.006951938383281231
cats_vs_dogs_resnet18_linear_123,253,0,0,0.999722421169281,0.00027753014001064
cats_vs_dogs_resnet18_linear_123,254,0,0,0.9999384880065918,6.150825356598943e-05
cats_vs_dogs_resnet18_linear_123,255,0,0,0.9290248155593872,0.070975162088871
cats_vs_dogs_resnet18_linear_123,256,0,0,0.8902150988578796,0.10978487879037857
cats_vs_dogs_resnet18_linear_123,257,0,0,0.9999915361404419,8.451637768303044e-06
cats_vs_dogs_resnet18_linear_123,258,0,0,0.9998424053192139,0.00015759306552354246
cats_vs_dogs_resnet18_linear_123,259,0,0,0.9993948936462402,0.000605048902798444
cats_vs_dogs_resnet18_linear_123,260,0,0,0.9991216063499451,0.0008783741504885256
cats_vs_dogs_resnet18_linear_123,261,0,0,0.9983776807785034,0.00162231654394418
cats_vs_dogs_resnet18_linear_123,262,0,1,0.23721902072429657,0.762781023979187
cats_vs_dogs_resnet18_linear_123,263,0,0,0.9999749660491943,2.5057395760086365e-05
cats_vs_dogs_resnet18_linear_123,264,0,0,0.9984082579612732,0.00159173971042037
cats_vs_dogs_resnet18_linear_123,265,0,0,0.9174507260322571,0.08254922926425934
cats_vs_dogs_resnet18_linear_123,266,0,0,0.9999969005584717,3.1251254313247046e-06
cats_vs_dogs_resnet18_linear_123,267,0,0,0.9999735355377197,2.6436180633027107e-05
cats_vs_dogs_resnet18_linear_123,268,0,0,0.9748939871788025,0.025105956941843033
cats_vs_dogs_resnet18_linear_123,269,0,1,0.45489898324012756,0.5451010465621948
cats_vs_dogs_resnet18_linear_123,270,0,1,0.39009302854537964,0.6099069714546204
cats_vs_dogs_resnet18_linear_123,271,0,0,0.9997497200965881,0.00025032254052348435
cats_vs_dogs_resnet18_linear_123,272,0,0,0.9673857092857361,0.03261430561542511
cats_vs_dogs_resnet18_linear_123,273,0,0,0.9987278580665588,0.001272100955247879
cats_vs_dogs_resnet18_linear_123,274,0,0,0.9999266862869263,7.332934910664335e-05
cats_vs_dogs_resnet18_linear_123,275,0,0,0.9995958209037781,0.00040422866004519165
cats_vs_dogs_resnet18_linear_123,276,0,0,0.99868243932724,0.0013176039792597294
cats_vs_dogs_resnet18_linear_123,277,0,0,0.9998916387557983,0.0001083809111150913
cats_vs_dogs_resnet18_linear_123,278,0,0,0.9999988079071045,1.1649553925963119e-06
cats_vs_dogs_resnet18_linear_123,279,0,0,0.789336621761322,0.2106633335351944
cats_vs_dogs_resnet18_linear_123,280,0,0,0.9999994039535522,6.027015615472919e-07
cats_vs_dogs_resnet18_linear_123,281,0,0,0.999931812286377,6.814767402829602e-05
cats_vs_dogs_resnet18_linear_123,282,0,0,0.9997732043266296,0.00022681921836920083
cats_vs_dogs_resnet18_linear_123,283,0,0,0.999958872795105,4.1156275983667e-05
cats_vs_dogs_resnet18_linear_123,284,0,0,0.8326162695884705,0.16738373041152954
cats_vs_dogs_resnet18_linear_123,285,0,0,0.9999964237213135,3.5458049296721583e-06
cats_vs_dogs_resnet18_linear_123,286,0,0,0.9999512434005737,4.875650483882055e-05
cats_vs_dogs_resnet18_linear_123,287,0,0,0.999975323677063,2.4705890609766357e-05
cats_vs_dogs_resnet18_linear_123,288,0,0,0.9972127079963684,0.0027873327489942312
cats_vs_dogs_resnet18_linear_123,289,0,0,0.9989998936653137,0.0010000922484323382
cats_vs_dogs_resnet18_linear_123,290,0,0,0.9982901215553284,0.0017098758835345507
cats_vs_dogs_resnet18_linear_123,291,0,0,0.9999688863754272,3.110983379883692e-05
cats_vs_dogs_resnet18_linear_123,292,0,0,0.6048803925514221,0.39511963725090027
cats_vs_dogs_resnet18_linear_123,293,0,0,0.9999997615814209,1.9086253644218232e-07
cats_vs_dogs_resnet18_linear_123,294,0,0,0.9999686479568481,3.137174280709587e-05
cats_vs_dogs_resnet18_linear_123,295,0,0,0.9984065890312195,0.0015934122493490577
cats_vs_dogs_resnet18_linear_123,296,0,0,0.5062560439109802,0.49374398589134216
cats_vs_dogs_resnet18_linear_123,297,0,0,0.9836022853851318,0.016397709026932716
cats_vs_dogs_resnet18_linear_123,298,0,0,0.9999853372573853,1.4628090866608545e-05
cats_vs_dogs_resnet18_linear_123,299,0,0,0.9611974954605103,0.038802485913038254
cats_vs_dogs_resnet18_linear_123,300,1,1,0.003924276679754257,0.9960756897926331
cats_vs_dogs_resnet18_linear_123,301,1,1,0.0037373278755694628,0.9962626099586487
cats_vs_dogs_resnet18_linear_123,302,1,1,3.486808782326989e-05,0.9999650716781616
cats_vs_dogs_resnet18_linear_123,303,1,1,0.00010725051106419414,0.9998927116394043
cats_vs_dogs_resnet18_linear_123,304,1,1,5.761263309977949e-05,0.999942421913147
cats_vs_dogs_resnet18_linear_123,305,1,1,1.723124114505481e-06,0.9999983310699463
cats_vs_dogs_resnet18_linear_123,306,1,1,7.585534331155941e-05,0.9999241828918457
cats_vs_dogs_resnet18_linear_123,307,1,1,0.0011582165025174618,0.9988418221473694
cats_vs_dogs_resnet18_linear_123,308,1,1,8.539224836567882e-06,0.9999914169311523
cats_vs_dogs_resnet18_linear_123,309,1,1,0.001840586424805224,0.9981594681739807
cats_vs_dogs_resnet18_linear_123,310,1,1,0.0009278375073336065,0.9990721940994263
cats_vs_dogs_resnet18_linear_123,311,1,1,0.0007535265758633614,0.9992464780807495
cats_vs_dogs_resnet18_linear_123,312,1,1,0.16302819550037384,0.8369717597961426
cats_vs_dogs_resnet18_linear_123,313,1,1,0.00021114519040565938,0.9997888207435608
cats_vs_dogs_resnet18_linear_123,314,1,1,8.627409260952845e-05,0.9999136924743652
cats_vs_dogs_resnet18_linear_123,315,1,1,2.8191729143145494e-05,0.999971866607666
cats_vs_dogs_resnet18_linear_123,316,1,1,0.0009081002208404243,0.9990918636322021
cats_vs_dogs_resnet18_linear_123,317,1,1,0.0004714866227004677,0.9995285272598267
cats_vs_dogs_resnet18_linear_123,318,1,1,5.7860062952386215e-05,0.9999421834945679
cats_vs_dogs_resnet18_linear_123,319,1,1,0.006548468489199877,0.9934514760971069
cats_vs_dogs_resnet18_linear_123,320,1,1,1.8388465832686052e-05,0.9999816417694092
cats_vs_dogs_resnet18_linear_123,321,1,1,0.0011504956055432558,0.9988495111465454
cats_vs_dogs_resnet18_linear_123,322,1,1,0.0010296814143657684,0.9989703893661499
cats_vs_dogs_resnet18_linear_123,323,1,1,0.00018169439863413572,0.9998183846473694
cats_vs_dogs_resnet18_linear_123,324,1,1,0.004442386794835329,0.9955576062202454
cats_vs_dogs_resnet18_linear_123,325,1,1,0.00807269848883152,0.9919272661209106
cats_vs_dogs_resnet18_linear_123,326,1,1,0.002418326213955879,0.9975816011428833
cats_vs_dogs_resnet18_linear_123,327,1,1,0.00019825414346996695,0.9998018145561218
cats_vs_dogs_resnet18_linear_123,328,1,1,8.085736226348672e-06,0.9999918937683105
cats_vs_dogs_resnet18_linear_123,329,1,1,0.0001457720500184223,0.9998542070388794
cats_vs_dogs_resnet18_linear_123,330,1,1,0.0015680559445172548,0.9984319806098938
cats_vs_dogs_resnet18_linear_123,331,1,1,0.13674046099185944,0.8632595539093018
cats_vs_dogs_resnet18_linear_123,332,1,1,4.414046634337865e-05,0.9999558925628662
cats_vs_dogs_resnet18_linear_123,333,1,1,0.000905748107470572,0.9990942478179932
cats_vs_dogs_resnet18_linear_123,334,1,1,4.848692333325744e-05,0.9999514818191528
cats_vs_dogs_resnet18_linear_123,335,1,1,0.0005656397552229464,0.9994342923164368
cats_vs_dogs_resnet18_linear_123,336,1,1,1.0072491249957238e-06,0.9999990463256836
cats_vs_dogs_resnet18_linear_123,337,1,1,0.0002364367974223569,0.999763548374176
cats_vs_dogs_resnet18_linear_123,338,1,1,0.00035336261498741806,0.9996466636657715
cats_vs_dogs_resnet18_linear_123,339,1,1,0.00015821309352759272,0.9998418092727661
cats_vs_dogs_resnet18_linear_123,340,1,1,5.684038842446171e-05,0.9999431371688843
cats_vs_dogs_resnet18_linear_123,341,1,1,0.008851705119013786,0.9911482334136963
cats_vs_dogs_resnet18_linear_123,342,1,1,0.0002061944833258167,0.9997938275337219
cats_vs_dogs_resnet18_linear_123,343,1,1,0.0019400155870243907,0.9980599284172058
cats_vs_dogs_resnet18_linear_123,344,1,1,0.003433659439906478,0.9965662956237793
cats_vs_dogs_resnet18_linear_123,345,1,1,0.00017771785496734083,0.9998223185539246
cats_vs_dogs_resnet18_linear_123,346,1,1,0.00011389907740522176,0.9998860359191895
cats_vs_dogs_resnet18_linear_123,347,1,1,0.00016404101916123182,0.9998359680175781
cats_vs_dogs_resnet18_linear_123,348,1,1,0.0019013263517990708,0.9980986714363098
cats_vs_dogs_resnet18_linear_123,349,1,1,0.0031848668586462736,0.9968151450157166
cats_vs_dogs_resnet18_linear_123,350,1,1,2.5456010916968808e-05,0.9999744892120361
cats_vs_dogs_resnet18_linear_123,351,1,1,0.00034770427737385035,0.9996522665023804
cats_vs_dogs_resnet18_linear_123,352,1,1,0.0017508157761767507,0.9982491731643677
cats_vs_dogs_resnet18_linear_123,353,1,1,0.00048352262820117176,0.999516487121582
cats_vs_dogs_resnet18_linear_123,354,1,1,0.0026855207979679108,0.9973145127296448
cats_vs_dogs_resnet18_linear_123,355,1,1,8.8908986072056e-05,0.9999110698699951
cats_vs_dogs_resnet18_linear_123,356,1,1,6.712680624332279e-05,0.9999328851699829
cats_vs_dogs_resnet18_linear_123,357,1,1,0.0012665059184655547,0.9987334609031677
cats_vs_dogs_resnet18_linear_123,358,1,1,4.488011836656369e-05,0.9999551773071289
cats_vs_dogs_resnet18_linear_123,359,1,1,3.0486642572213896e-05,0.999969482421875
cats_vs_dogs_resnet18_linear_123,360,1,1,0.49610647559165955,0.5038934946060181
cats_vs_dogs_resnet18_linear_123,361,1,1,0.00026564407744444907,0.9997343420982361
cats_vs_dogs_resnet18_linear_123,362,1,1,0.00033287075348198414,0.9996671676635742
cats_vs_dogs_resnet18_linear_123,363,1,1,0.0011832077289000154,0.9988168478012085
cats_vs_dogs_resnet18_linear_123,364,1,1,0.0008817997295409441,0.9991181492805481
cats_vs_dogs_resnet18_linear_123,365,1,1,0.00010804152407217771,0.999891996383667
cats_vs_dogs_resnet18_linear_123,366,1,1,0.0022240164689719677,0.9977759718894958
cats_vs_dogs_resnet18_linear_123,367,1,1,0.004505753051489592,0.9954942464828491
cats_vs_dogs_resnet18_linear_123,368,1,1,4.694213203038089e-05,0.999953031539917
cats_vs_dogs_resnet18_linear_123,369,1,1,5.935396984568797e-06,0.9999940395355225
cats_vs_dogs_resnet18_linear_123,370,1,1,0.00043334014480933547,0.9995666146278381
cats_vs_dogs_resnet18_linear_123,371,1,1,0.0004842798225581646,0.9995157718658447
cats_vs_dogs_resnet18_linear_123,372,1,1,0.0003752181655727327,0.9996247291564941
cats_vs_dogs_resnet18_linear_123,373,1,1,0.003435560967773199,0.9965644478797913
cats_vs_dogs_resnet18_linear_123,374,1,1,0.0016589589649811387,0.9983410835266113
cats_vs_dogs_resnet18_linear_123,375,1,1,0.03698179870843887,0.9630182385444641
cats_vs_dogs_resnet18_linear_123,376,1,1,0.0013223598944023252,0.998677670955658
cats_vs_dogs_resnet18_linear_123,377,1,1,0.0003726767608895898,0.9996273517608643
cats_vs_dogs_resnet18_linear_123,378,1,1,1.2222525583638344e-05,0.9999877214431763
cats_vs_dogs_resnet18_linear_123,379,1,1,9.805161244003102e-05,0.9999018907546997
cats_vs_dogs_resnet18_linear_123,380,1,1,0.00042418669909238815,0.9995757937431335
cats_vs_dogs_resnet18_linear_123,381,1,1,0.002855844097211957,0.9971441626548767
cats_vs_dogs_resnet18_linear_123,382,1,1,0.007429828867316246,0.9925702214241028
cats_vs_dogs_resnet18_linear_123,383,1,0,0.7178952693939209,0.2821047306060791
cats_vs_dogs_resnet18_linear_123,384,1,1,2.2440127622758155e-07,0.9999997615814209
cats_vs_dogs_resnet18_linear_123,385,1,1,0.0011928355088457465,0.9988071918487549
cats_vs_dogs_resnet18_linear_123,386,1,1,3.6705077945953235e-05,0.9999632835388184
cats_vs_dogs_resnet18_linear_123,387,1,1,7.056077447487041e-05,0.9999294281005859
cats_vs_dogs_resnet18_linear_123,388,1,1,0.0006106066284701228,0.9993894100189209
cats_vs_dogs_resnet18_linear_123,389,1,1,0.0025854227133095264,0.9974145889282227
cats_vs_dogs_resnet18_linear_123,390,1,1,0.00034305182634852827,0.9996569156646729
cats_vs_dogs_resnet18_linear_123,391,1,1,0.0010591278551146388,0.9989408850669861
cats_vs_dogs_resnet18_linear_123,392,1,1,0.01631404459476471,0.9836859107017517
cats_vs_dogs_resnet18_linear_123,393,1,1,0.0004954405594617128,0.999504566192627
cats_vs_dogs_resnet18_linear_123,394,1,1,0.0017838868079707026,0.9982160925865173
cats_vs_dogs_resnet18_linear_123,395,1,1,0.001340388087555766,0.998659610748291
cats_vs_dogs_resnet18_linear_123,396,1,1,0.0015132329426705837,0.9984867572784424
cats_vs_dogs_resnet18_linear_123,397,1,1,0.025087611749768257,0.9749123454093933
cats_vs_dogs_resnet18_linear_123,398,1,1,0.06475280970335007,0.9352471828460693
cats_vs_dogs_resnet18_linear_123,399,1,1,0.24730037152767181,0.7526995539665222
cats_vs_dogs_resnet18_linear_123,400,1,1,0.00042568001663312316,0.9995743632316589
cats_vs_dogs_resnet18_linear_123,401,1,1,0.009415065869688988,0.9905849099159241
cats_vs_dogs_resnet18_linear_123,402,1,1,0.0003866050101350993,0.9996134638786316
cats_vs_dogs_resnet18_linear_123,403,1,1,4.409649773151614e-05,0.9999558925628662
cats_vs_dogs_resnet18_linear_123,404,1,1,0.0037318761460483074,0.996268093585968
cats_vs_dogs_resnet18_linear_123,405,1,1,0.00098615197930485,0.9990137815475464
cats_vs_dogs_resnet18_linear_123,406,1,1,1.6863228665897623e-05,0.9999831914901733
cats_vs_dogs_resnet18_linear_123,407,1,1,0.00010751264926511794,0.9998924732208252
cats_vs_dogs_resnet18_linear_123,408,1,1,3.6699759675684618e-06,0.9999963045120239
cats_vs_dogs_resnet18_linear_123,409,1,1,0.0027658892795443535,0.9972341656684875
cats_vs_dogs_resnet18_linear_123,410,1,1,0.00013608590234071016,0.999863862991333
cats_vs_dogs_resnet18_linear_123,411,1,1,0.0006475892150774598,0.9993523955345154
cats_vs_dogs_resnet18_linear_123,412,1,1,0.0008462410187348723,0.999153733253479
cats_vs_dogs_resnet18_linear_123,413,1,1,0.0003510006354190409,0.9996490478515625
cats_vs_dogs_resnet18_linear_123,414,1,1,0.023088837042450905,0.9769111275672913
cats_vs_dogs_resnet18_linear_123,415,1,1,0.006078818812966347,0.993921160697937
cats_vs_dogs_resnet18_linear_123,416,1,1,0.005672185681760311,0.9943278431892395
cats_vs_dogs_resnet18_linear_123,417,1,1,5.544465602724813e-05,0.9999445676803589
cats_vs_dogs_resnet18_linear_123,418,1,1,0.0005340190255083144,0.9994660019874573
cats_vs_dogs_resnet18_linear_123,419,1,1,0.0035944462288171053,0.9964056015014648
cats_vs_dogs_resnet18_linear_123,420,1,1,0.019344333559274673,0.9806556701660156
cats_vs_dogs_resnet18_linear_123,421,1,1,0.20143812894821167,0.7985618710517883
cats_vs_dogs_resnet18_linear_123,422,1,1,3.297987495898269e-05,0.9999669790267944
cats_vs_dogs_resnet18_linear_123,423,1,1,0.0030027523171156645,0.9969972372055054
cats_vs_dogs_resnet18_linear_123,424,1,1,8.936620724853128e-05,0.9999105930328369
cats_vs_dogs_resnet18_linear_123,425,1,1,0.0040039862506091595,0.9959959983825684
cats_vs_dogs_resnet18_linear_123,426,1,1,4.192948836134747e-05,0.9999580383300781
cats_vs_dogs_resnet18_linear_123,427,1,1,9.842973668128252e-06,0.9999901056289673
cats_vs_dogs_resnet18_linear_123,428,1,1,0.002623029751703143,0.9973770380020142
cats_vs_dogs_resnet18_linear_123,429,1,1,0.0009289051522500813,0.9990711212158203
cats_vs_dogs_resnet18_linear_123,430,1,1,8.656674253870733e-06,0.9999912977218628
cats_vs_dogs_resnet18_linear_123,431,1,1,0.055507637560367584,0.9444923400878906
cats_vs_dogs_resnet18_linear_123,432,1,1,0.01789420284330845,0.9821058511734009
cats_vs_dogs_resnet18_linear_123,433,1,1,0.043338555842638016,0.9566614031791687
cats_vs_dogs_resnet18_linear_123,434,1,1,0.00032183394068852067,0.9996781349182129
cats_vs_dogs_resnet18_linear_123,435,1,1,5.4353600717149675e-05,0.9999456405639648
cats_vs_dogs_resnet18_linear_123,436,1,1,0.00014955805090721697,0.9998503923416138
cats_vs_dogs_resnet18_linear_123,437,1,1,0.002344702370464802,0.9976552724838257
cats_vs_dogs_resnet18_linear_123,438,1,1,0.00026593144866637886,0.999734103679657
cats_vs_dogs_resnet18_linear_123,439,1,1,8.327982504852116e-05,0.999916672706604
cats_vs_dogs_resnet18_linear_123,440,1,1,0.0028696926310658455,0.9971303343772888
cats_vs_dogs_resnet18_linear_123,441,1,1,0.01689830981194973,0.9831016659736633
cats_vs_dogs_resnet18_linear_123,442,1,1,0.0002221535542048514,0.9997778534889221
cats_vs_dogs_resnet18_linear_123,443,1,1,0.00011220703163417056,0.9998878240585327
cats_vs_dogs_resnet18_linear_123,444,1,1,0.0008771953289397061,0.9991227984428406
cats_vs_dogs_resnet18_linear_123,445,1,1,0.003144296118989587,0.9968557357788086
cats_vs_dogs_resnet18_linear_123,446,1,1,0.0010611932957544923,0.9989388585090637
cats_vs_dogs_resnet18_linear_123,447,1,1,0.001814243383705616,0.9981856942176819
cats_vs_dogs_resnet18_linear_123,448,1,1,9.058981231646612e-05,0.9999094009399414
cats_vs_dogs_resnet18_linear_123,449,1,1,6.294018930930179e-06,0.9999936819076538
cats_vs_dogs_resnet18_linear_123,450,1,1,0.004848123528063297,0.9951518774032593
cats_vs_dogs_resnet18_linear_123,451,1,1,0.018880570307374,0.9811193943023682
cats_vs_dogs_resnet18_linear_123,452,1,1,0.0010603372938930988,0.9989396929740906
cats_vs_dogs_resnet18_linear_123,453,1,1,4.111649468541145e-05,0.999958872795105
cats_vs_dogs_resnet18_linear_123,454,1,1,0.052383825182914734,0.9476161599159241
cats_vs_dogs_resnet18_linear_123,455,1,1,0.00016724734450690448,0.9998327493667603
cats_vs_dogs_resnet18_linear_123,456,1,1,0.0017325899098068476,0.998267412185669
cats_vs_dogs_resnet18_linear_123,457,1,1,0.0013975270558148623,0.9986024498939514
cats_vs_dogs_resnet18_linear_123,458,1,1,6.1238933994900435e-06,0.9999939203262329
cats_vs_dogs_resnet18_linear_123,459,1,1,0.005674808286130428,0.9943252205848694
cats_vs_dogs_resnet18_linear_123,460,1,1,9.343291458208114e-05,0.9999065399169922
cats_vs_dogs_resnet18_linear_123,461,1,1,5.597004201263189e-05,0.9999439716339111
cats_vs_dogs_resnet18_linear_123,462,1,1,0.00010386193753220141,0.9998961687088013
cats_vs_dogs_resnet18_linear_123,463,1,1,0.00026398655609227717,0.9997360110282898
cats_vs_dogs_resnet18_linear_123,464,1,1,0.0014240206219255924,0.9985759258270264
cats_vs_dogs_resnet18_linear_123,465,1,1,1.8817203454091214e-05,0.999981164932251
cats_vs_dogs_resnet18_linear_123,466,1,1,0.0003810034249909222,0.9996190071105957
cats_vs_dogs_resnet18_linear_123,467,1,1,0.0007739220163784921,0.9992260932922363
cats_vs_dogs_resnet18_linear_123,468,1,1,0.005905064754188061,0.9940949082374573
cats_vs_dogs_resnet18_linear_123,469,1,1,0.0002517900720704347,0.999748170375824
cats_vs_dogs_resnet18_linear_123,470,1,1,0.00013413629494607449,0.9998658895492554
cats_vs_dogs_resnet18_linear_123,471,1,1,0.001417791354469955,0.9985822439193726
cats_vs_dogs_resnet18_linear_123,472,1,1,0.0004565328126773238,0.9995434880256653
cats_vs_dogs_resnet18_linear_123,473,1,1,0.32633405923843384,0.6736660003662109
cats_vs_dogs_resnet18_linear_123,474,1,1,0.00010650957119651139,0.9998934268951416
cats_vs_dogs_resnet18_linear_123,475,1,1,0.03496234863996506,0.9650376439094543
cats_vs_dogs_resnet18_linear_123,476,1,1,0.0018789549358189106,0.9981210827827454
cats_vs_dogs_resnet18_linear_123,477,1,1,0.001430574688129127,0.9985693693161011
cats_vs_dogs_resnet18_linear_123,478,1,1,0.0017132055945694447,0.998286783695221
cats_vs_dogs_resnet18_linear_123,479,1,1,8.023584086913615e-05,0.9999197721481323
cats_vs_dogs_resnet18_linear_123,480,1,1,0.000398090312955901,0.9996019005775452
cats_vs_dogs_resnet18_linear_123,481,1,1,0.00014283688506111503,0.9998571872711182
cats_vs_dogs_resnet18_linear_123,482,1,1,0.000190517763257958,0.9998095631599426
cats_vs_dogs_resnet18_linear_123,483,1,1,0.0007786760688759387,0.9992213249206543
cats_vs_dogs_resnet18_linear_123,484,1,1,0.0004838153545279056,0.9995161294937134
cats_vs_dogs_resnet18_linear_123,485,1,1,0.00012956198770552874,0.9998704195022583
cats_vs_dogs_resnet18_linear_123,486,1,1,1.4805546015850268e-05,0.9999852180480957
cats_vs_dogs_resnet18_linear_123,487,1,1,0.0006594916922040284,0.9993404746055603
cats_vs_dogs_resnet18_linear_123,488,1,1,0.002005592919886112,0.9979944229125977
cats_vs_dogs_resnet18_linear_123,489,1,1,0.0042596966959536076,0.9957402944564819
cats_vs_dogs_resnet18_linear_123,490,1,1,7.727245974820107e-05,0.9999227523803711
cats_vs_dogs_resnet18_linear_123,491,1,1,0.0032690539956092834,0.9967309236526489
cats_vs_dogs_resnet18_linear_123,492,1,1,0.001973721431568265,0.9980261921882629
cats_vs_dogs_resnet18_linear_123,493,1,1,6.697526259813458e-05,0.9999330043792725
cats_vs_dogs_resnet18_linear_123,494,1,1,0.0018495762487873435,0.9981504082679749
cats_vs_dogs_resnet18_linear_123,495,1,1,0.001697860425338149,0.9983021020889282
cats_vs_dogs_resnet18_linear_123,496,1,1,0.00027273903833702207,0.999727189540863
cats_vs_dogs_resnet18_linear_123,497,1,1,0.05089623108506203,0.9491037726402283
cats_vs_dogs_resnet18_linear_123,498,1,1,0.0009523959015496075,0.999047577381134
cats_vs_dogs_resnet18_linear_123,499,1,1,2.162856253562495e-05,0.9999784231185913
cats_vs_dogs_resnet18_linear_123,500,1,1,1.4079477296036202e-05,0.999985933303833
cats_vs_dogs_resnet18_linear_123,501,1,1,0.00570782320573926,0.994292140007019
cats_vs_dogs_resnet18_linear_123,502,1,1,0.003571267705410719,0.9964287877082825
cats_vs_dogs_resnet18_linear_123,503,1,1,0.007512692827731371,0.9924873113632202
cats_vs_dogs_resnet18_linear_123,504,1,1,0.00026651067310012877,0.9997335076332092
cats_vs_dogs_resnet18_linear_123,505,1,1,0.0001773598196450621,0.9998226761817932
cats_vs_dogs_resnet18_linear_123,506,1,1,0.016391796991229057,0.9836081862449646
cats_vs_dogs_resnet18_linear_123,507,1,1,0.0006874395767226815,0.9993125200271606
cats_vs_dogs_resnet18_linear_123,508,1,1,0.0005341195501387119,0.9994658827781677
cats_vs_dogs_resnet18_linear_123,509,1,1,0.0007836078875698149,0.9992163181304932
cats_vs_dogs_resnet18_linear_123,510,1,1,0.0013350282097235322,0.9986649751663208
cats_vs_dogs_resnet18_linear_123,511,1,1,1.639774018258322e-05,0.999983549118042
cats_vs_dogs_resnet18_linear_123,512,1,1,0.0012687263078987598,0.9987313151359558
cats_vs_dogs_resnet18_linear_123,513,1,1,0.001041642390191555,0.9989583492279053
cats_vs_dogs_resnet18_linear_123,514,1,1,0.00560384476557374,0.9943962097167969
cats_vs_dogs_resnet18_linear_123,515,1,1,0.000853150908369571,0.9991468191146851
cats_vs_dogs_resnet18_linear_123,516,1,1,0.00010844954522326589,0.9998915195465088
cats_vs_dogs_resnet18_linear_123,517,1,1,7.693100633332506e-05,0.9999231100082397
cats_vs_dogs_resnet18_linear_123,518,1,1,0.0032151928171515465,0.9967848062515259
cats_vs_dogs_resnet18_linear_123,519,1,1,0.0004856286686845124,0.9995143413543701
cats_vs_dogs_resnet18_linear_123,520,1,1,0.013242227956652641,0.9867576956748962
cats_vs_dogs_resnet18_linear_123,521,1,1,0.001559048774652183,0.9984409213066101
cats_vs_dogs_resnet18_linear_123,522,1,1,0.0001071341976057738,0.9998928308486938
cats_vs_dogs_resnet18_linear_123,523,1,1,0.01987284980714321,0.9801270961761475
cats_vs_dogs_resnet18_linear_123,524,1,1,0.0003381792630534619,0.9996618032455444
cats_vs_dogs_resnet18_linear_123,525,1,1,0.0010417257435619831,0.9989582300186157
cats_vs_dogs_resnet18_linear_123,526,1,1,0.007731407415121794,0.9922686219215393
cats_vs_dogs_resnet18_linear_123,527,1,1,0.00014618241402786225,0.9998538494110107
cats_vs_dogs_resnet18_linear_123,528,1,1,3.7398414860945195e-05,0.999962568283081
cats_vs_dogs_resnet18_linear_123,529,1,1,0.004235308151692152,0.9957647323608398
cats_vs_dogs_resnet18_linear_123,530,1,1,0.0008847441640682518,0.9991152882575989
cats_vs_dogs_resnet18_linear_123,531,1,1,3.3523247111588717e-05,0.9999665021896362
cats_vs_dogs_resnet18_linear_123,532,1,1,0.013681670650839806,0.9863183498382568
cats_vs_dogs_resnet18_linear_123,533,1,1,0.006039464846253395,0.9939604997634888
cats_vs_dogs_resnet18_linear_123,534,1,1,0.0006362979183904827,0.9993637204170227
cats_vs_dogs_resnet18_linear_123,535,1,1,3.7068166420795023e-05,0.9999629259109497
cats_vs_dogs_resnet18_linear_123,536,1,1,0.0011604096507653594,0.9988395571708679
cats_vs_dogs_resnet18_linear_123,537,1,1,0.00012393346696626395,0.9998760223388672
cats_vs_dogs_resnet18_linear_123,538,1,1,0.008135806769132614,0.9918642044067383
cats_vs_dogs_resnet18_linear_123,539,1,1,9.252262680092826e-05,0.9999074935913086
cats_vs_dogs_resnet18_linear_123,540,1,1,0.00015455676475539804,0.9998453855514526
cats_vs_dogs_resnet18_linear_123,541,1,1,0.0002718574251048267,0.9997281432151794
cats_vs_dogs_resnet18_linear_123,542,1,1,0.00015648709086235613,0.9998434782028198
cats_vs_dogs_resnet18_linear_123,543,1,1,0.002355665899813175,0.9976443648338318
cats_vs_dogs_resnet18_linear_123,544,1,1,7.361892494373024e-05,0.9999263286590576
cats_vs_dogs_resnet18_linear_123,545,1,1,0.019593387842178345,0.980406641960144
cats_vs_dogs_resnet18_linear_123,546,1,1,0.0012043735478073359,0.9987956285476685
cats_vs_dogs_resnet18_linear_123,547,1,1,3.7604909266519826e-06,0.9999961853027344
cats_vs_dogs_resnet18_linear_123,548,1,1,0.0013936947798356414,0.9986063838005066
cats_vs_dogs_resnet18_linear_123,549,1,1,3.564561211533146e-06,0.9999964237213135
cats_vs_dogs_resnet18_linear_123,550,1,1,0.0055582863278687,0.9944416880607605
cats_vs_dogs_resnet18_linear_123,551,1,1,2.6625359168974683e-05,0.9999734163284302
cats_vs_dogs_resnet18_linear_123,552,1,1,5.314121881383471e-05,0.9999468326568604
cats_vs_dogs_resnet18_linear_123,553,1,1,0.0002358482452109456,0.9997641444206238
cats_vs_dogs_resnet18_linear_123,554,1,1,0.03043501451611519,0.9695649147033691
cats_vs_dogs_resnet18_linear_123,555,1,1,0.0279900673776865,0.9720099568367004
cats_vs_dogs_resnet18_linear_123,556,1,1,5.139357381267473e-05,0.9999486207962036
cats_vs_dogs_resnet18_linear_123,557,1,1,0.0008037691586650908,0.9991962313652039
cats_vs_dogs_resnet18_linear_123,558,1,1,0.010321613401174545,0.9896783828735352
cats_vs_dogs_resnet18_linear_123,559,1,1,0.0003149741096422076,0.9996850490570068
cats_vs_dogs_resnet18_linear_123,560,1,1,5.4096341045806184e-05,0.999945878982544
cats_vs_dogs_resnet18_linear_123,561,1,1,1.5900163816695567e-06,0.9999984502792358
cats_vs_dogs_resnet18_linear_123,562,1,1,0.0003784426662605256,0.9996215105056763
cats_vs_dogs_resnet18_linear_123,563,1,1,0.00031465390929952264,0.9996854066848755
cats_vs_dogs_resnet18_linear_123,564,1,1,3.9727333387418184e-06,0.9999960660934448
cats_vs_dogs_resnet18_linear_123,565,1,1,2.01322473003529e-05,0.9999798536300659
cats_vs_dogs_resnet18_linear_123,566,1,1,0.00011246131907682866,0.9998874664306641
cats_vs_dogs_resnet18_linear_123,567,1,1,0.07683437317609787,0.9231655597686768
cats_vs_dogs_resnet18_linear_123,568,1,1,0.00024371035397052765,0.9997562766075134
cats_vs_dogs_resnet18_linear_123,569,1,1,0.0007990424637682736,0.9992009997367859
cats_vs_dogs_resnet18_linear_123,570,1,1,4.322635504649952e-05,0.9999567270278931
cats_vs_dogs_resnet18_linear_123,571,1,1,9.771921759238467e-05,0.9999022483825684
cats_vs_dogs_resnet18_linear_123,572,1,1,0.0010591278551146388,0.9989408850669861
cats_vs_dogs_resnet18_linear_123,573,1,1,0.00019994330068584532,0.9998000264167786
cats_vs_dogs_resnet18_linear_123,574,1,1,0.02284960262477398,0.9771503210067749
cats_vs_dogs_resnet18_linear_123,575,1,1,0.0017135163070634007,0.9982864260673523
cats_vs_dogs_resnet18_linear_123,576,1,1,0.006804231088608503,0.9931957721710205
cats_vs_dogs_resnet18_linear_123,577,1,1,0.00023262803733814508,0.9997673630714417
cats_vs_dogs_resnet18_linear_123,578,1,1,3.5667679185280576e-05,0.9999643564224243
cats_vs_dogs_resnet18_linear_123,579,1,1,0.00027256281464360654,0.9997274279594421
cats_vs_dogs_resnet18_linear_123,580,1,1,0.002381924306973815,0.9976180195808411
cats_vs_dogs_resnet18_linear_123,581,1,1,0.0003753680794034153,0.9996246099472046
cats_vs_dogs_resnet18_linear_123,582,1,1,0.00016688845062162727,0.9998331069946289
cats_vs_dogs_resnet18_linear_123,583,1,1,0.00017185135220643133,0.9998281002044678
cats_vs_dogs_resnet18_linear_123,584,1,1,0.0004602738772518933,0.9995397329330444
cats_vs_dogs_resnet18_linear_123,585,1,1,0.0004950218135491014,0.9995049238204956
cats_vs_dogs_resnet18_linear_123,586,1,1,0.0002277547464473173,0.9997722506523132
cats_vs_dogs_resnet18_linear_123,587,1,1,0.00012033791426802054,0.9998795986175537
cats_vs_dogs_resnet18_linear_123,588,1,1,0.0015501633752137423,0.9984498023986816
cats_vs_dogs_resnet18_linear_123,589,1,1,5.720119588659145e-06,0.9999942779541016
cats_vs_dogs_resnet18_linear_123,590,1,1,1.8481396182323806e-05,0.9999815225601196
cats_vs_dogs_resnet18_linear_123,591,1,1,0.02504996582865715,0.9749500751495361
cats_vs_dogs_resnet18_linear_123,592,1,1,0.0759257823228836,0.9240742325782776
cats_vs_dogs_resnet18_linear_123,593,1,1,0.0003972882987000048,0.999602735042572
cats_vs_dogs_resnet18_linear_123,594,1,1,0.0001461014326196164,0.9998538494110107
cats_vs_dogs_resnet18_linear_123,595,1,1,0.002660649362951517,0.9973393082618713
cats_vs_dogs_resnet18_linear_123,596,1,1,0.001637303619645536,0.9983627200126648
cats_vs_dogs_resnet18_linear_123,597,1,1,0.00026150429039262235,0.9997385144233704
cats_vs_dogs_resnet18_linear_123,598,1,1,0.05138693377375603,0.9486130475997925
cats_vs_dogs_resnet18_linear_123,599,1,1,8.013216574909166e-05,0.9999198913574219
cats_vs_dogs_resnet18_linear_0,0,0,0,0.997379720211029,0.0026201980654150248
cats_vs_dogs_resnet18_linear_0,1,0,0,0.9999954700469971,4.5274659896676894e-06
cats_vs_dogs_resnet18_linear_0,2,0,0,0.999993085861206,6.927128652023384e-06
cats_vs_dogs_resnet18_linear_0,3,0,0,0.9999997615814209,2.894970805300545e-07
cats_vs_dogs_resnet18_linear_0,4,0,0,0.9999880790710449,1.190069906442659e-05
cats_vs_dogs_resnet18_linear_0,5,0,0,0.9999972581863403,2.7315584247844527e-06
cats_vs_dogs_resnet18_linear_0,6,0,0,0.9999855756759644,1.4445737178903073e-05
cats_vs_dogs_resnet18_linear_0,7,0,0,1.0,2.8918407224409748e-08
cats_vs_dogs_resnet18_linear_0,8,0,0,0.9987993240356445,0.0012006405740976334
cats_vs_dogs_resnet18_linear_0,9,0,0,0.9999903440475464,9.625817256164737e-06
cats_vs_dogs_resnet18_linear_0,10,0,0,0.9996901750564575,0.00030988999060355127
cats_vs_dogs_resnet18_linear_0,11,0,0,0.9302566647529602,0.06974335014820099
cats_vs_dogs_resnet18_linear_0,12,0,0,0.9999173879623413,8.261398761533201e-05
cats_vs_dogs_resnet18_linear_0,13,0,0,0.9998173117637634,0.0001827300584409386
cats_vs_dogs_resnet18_linear_0,14,0,0,0.9999990463256836,9.579575817042496e-07
cats_vs_dogs_resnet18_linear_0,15,0,0,0.9993464350700378,0.000653507187962532
cats_vs_dogs_resnet18_linear_0,16,0,0,0.9999983310699463,1.660393081692746e-06
cats_vs_dogs_resnet18_linear_0,17,0,0,0.9661442041397095,0.03385576233267784
cats_vs_dogs_resnet18_linear_0,18,0,0,0.5118448734283447,0.4881550967693329
cats_vs_dogs_resnet18_linear_0,19,0,0,0.9998347759246826,0.00016519849305041134
cats_vs_dogs_resnet18_linear_0,20,0,0,0.9999773502349854,2.2667078155791387e-05
cats_vs_dogs_resnet18_linear_0,21,0,0,0.999977707862854,2.226137621619273e-05
cats_vs_dogs_resnet18_linear_0,22,0,0,0.9999992847442627,7.69218218010792e-07
cats_vs_dogs_resnet18_linear_0,23,0,0,0.9999805688858032,1.9426737708272412e-05
cats_vs_dogs_resnet18_linear_0,24,0,0,0.9999706745147705,2.9283961339388043e-05
cats_vs_dogs_resnet18_linear_0,25,0,0,0.9991055130958557,0.0008944736910052598
cats_vs_dogs_resnet18_linear_0,26,0,0,0.6310489177703857,0.36895105242729187
cats_vs_dogs_resnet18_linear_0,27,0,0,0.9630455374717712,0.03695448487997055
cats_vs_dogs_resnet18_linear_0,28,0,0,0.9675828814506531,0.03241715207695961
cats_vs_dogs_resnet18_linear_0,29,0,0,0.9996132254600525,0.0003867756749968976
cats_vs_dogs_resnet18_linear_0,30,0,0,0.9996320009231567,0.00036798432120122015
cats_vs_dogs_resnet18_linear_0,31,0,0,0.9999947547912598,5.201574367674766e-06
cats_vs_dogs_resnet18_linear_0,32,0,0,0.9997383952140808,0.00026159954722970724
cats_vs_dogs_resnet18_linear_0,33,0,0,0.9999932050704956,6.738559022778645e-06
cats_vs_dogs_resnet18_linear_0,34,0,0,0.9995989203453064,0.0004011457785964012
cats_vs_dogs_resnet18_linear_0,35,0,0,0.999817430973053,0.0001825679064495489
cats_vs_dogs_resnet18_linear_0,36,0,0,0.999974250793457,2.569811840658076e-05
cats_vs_dogs_resnet18_linear_0,37,0,0,0.9986177682876587,0.0013822067994624376
cats_vs_dogs_resnet18_linear_0,38,0,0,0.999994158744812,5.8762207117979415e-06
cats_vs_dogs_resnet18_linear_0,39,0,0,0.9999980926513672,1.8752680261968635e-06
cats_vs_dogs_resnet18_linear_0,40,0,0,0.9997573494911194,0.00024259986821562052
cats_vs_dogs_resnet18_linear_0,41,0,0,0.9998998641967773,0.00010013731662184
cats_vs_dogs_resnet18_linear_0,42,0,0,0.9999951124191284,4.902747150481446e-06
cats_vs_dogs_resnet18_linear_0,43,0,0,0.9180113673210144,0.0819886326789856
cats_vs_dogs_resnet18_linear_0,44,0,0,0.9999994039535522,6.368249501065293e-07
cats_vs_dogs_resnet18_linear_0,45,0,0,0.9997555613517761,0.00024448512704111636
cats_vs_dogs_resnet18_linear_0,46,0,0,0.9999756813049316,2.4371907784370705e-05
cats_vs_dogs_resnet18_linear_0,47,0,0,0.9903483390808105,0.009651611559092999
cats_vs_dogs_resnet18_linear_0,48,0,0,0.9999912977218628,8.68941151566105e-06
cats_vs_dogs_resnet18_linear_0,49,0,0,0.9978868365287781,0.002113107591867447
cats_vs_dogs_resnet18_linear_0,50,0,0,0.9999963045120239,3.636186420408194e-06
cats_vs_dogs_resnet18_linear_0,51,0,0,0.9999819993972778,1.7948223103303462e-05
cats_vs_dogs_resnet18_linear_0,52,0,0,0.9999856948852539,1.4249405467126053e-05
cats_vs_dogs_resnet18_linear_0,53,0,0,0.8137075304985046,0.18629245460033417
cats_vs_dogs_resnet18_linear_0,54,0,0,0.9999438524246216,5.616932321572676e-05
cats_vs_dogs_resnet18_linear_0,55,0,0,0.9998871088027954,0.00011289906979072839
cats_vs_dogs_resnet18_linear_0,56,0,0,0.9997509121894836,0.00024911516811698675
cats_vs_dogs_resnet18_linear_0,57,0,0,0.9998838901519775,0.00011609777720877901
cats_vs_dogs_resnet18_linear_0,58,0,0,0.9909979104995728,0.009002083912491798
cats_vs_dogs_resnet18_linear_0,59,0,0,0.9999154806137085,8.448347944067791e-05
cats_vs_dogs_resnet18_linear_0,60,0,0,0.9999842643737793,1.5720088413218036e-05
cats_vs_dogs_resnet18_linear_0,61,0,0,0.9994086027145386,0.0005914208595640957
cats_vs_dogs_resnet18_linear_0,62,0,0,0.9996116757392883,0.00038838869659230113
cats_vs_dogs_resnet18_linear_0,63,0,0,0.617610514163971,0.3823895752429962
cats_vs_dogs_resnet18_linear_0,64,0,0,0.9999765157699585,2.3518996385973878e-05
cats_vs_dogs_resnet18_linear_0,65,0,0,0.9996515512466431,0.0003484399348963052
cats_vs_dogs_resnet18_linear_0,66,0,0,0.9999994039535522,5.751078333560145e-07
cats_vs_dogs_resnet18_linear_0,67,0,0,0.9999961853027344,3.867928626277717e-06
cats_vs_dogs_resnet18_linear_0,68,0,0,0.9999982118606567,1.7589837852938217e-06
cats_vs_dogs_resnet18_linear_0,69,0,0,0.9999958276748657,4.213058673485648e-06
cats_vs_dogs_resnet18_linear_0,70,0,0,0.9999481439590454,5.1815408369293436e-05
cats_vs_dogs_resnet18_linear_0,71,0,0,0.9996747970581055,0.00032518181251361966
cats_vs_dogs_resnet18_linear_0,72,0,0,0.9999998807907104,1.393291597651114e-07
cats_vs_dogs_resnet18_linear_0,73,0,0,0.9977049231529236,0.0022950745187699795
cats_vs_dogs_resnet18_linear_0,74,0,0,0.9999982118606567,1.7991726508626016e-06
cats_vs_dogs_resnet18_linear_0,75,0,0,0.9719498753547668,0.02805013582110405
cats_vs_dogs_resnet18_linear_0,76,0,0,0.9926234483718872,0.0073765856213867664
cats_vs_dogs_resnet18_linear_0,77,0,0,0.9997720122337341,0.0002279554755659774
cats_vs_dogs_resnet18_linear_0,78,0,0,0.8651877045631409,0.13481232523918152
cats_vs_dogs_resnet18_linear_0,79,0,0,0.9999785423278809,2.1488718630280346e-05
cats_vs_dogs_resnet18_linear_0,80,0,0,0.9999998807907104,9.314307902741348e-08
cats_vs_dogs_resnet18_linear_0,81,0,0,0.6918239593505859,0.3081760108470917
cats_vs_dogs_resnet18_linear_0,82,0,0,0.9999960660934448,3.920851668226533e-06
cats_vs_dogs_resnet18_linear_0,83,0,0,0.9999784231185913,2.1547199139604345e-05
cats_vs_dogs_resnet18_linear_0,84,0,0,0.9999043941497803,9.553972631692886e-05
cats_vs_dogs_resnet18_linear_0,85,0,0,0.9999963045120239,3.652497071016114e-06
cats_vs_dogs_resnet18_linear_0,86,0,0,0.9944867491722107,0.005513299256563187
cats_vs_dogs_resnet18_linear_0,87,0,0,0.9956954717636108,0.0043045515194535255
cats_vs_dogs_resnet18_linear_0,88,0,0,0.9994783997535706,0.0005216434947215021
cats_vs_dogs_resnet18_linear_0,89,0,0,0.9999921321868896,7.863408427510876e-06
cats_vs_dogs_resnet18_linear_0,90,0,0,0.999998927116394,1.1206280987607897e-06
cats_vs_dogs_resnet18_linear_0,91,0,0,0.9982240796089172,0.0017759721959009767
cats_vs_dogs_resnet18_linear_0,92,0,0,0.9999569654464722,4.3003012251574546e-05
cats_vs_dogs_resnet18_linear_0,93,0,0,0.9999996423721313,3.843010745185893e-07
cats_vs_dogs_resnet18_linear_0,94,0,0,0.9999997615814209,2.612202365526173e-07
cats_vs_dogs_resnet18_linear_0,95,0,0,0.9907637238502502,0.00923625472933054
cats_vs_dogs_resnet18_linear_0,96,0,0,0.997340977191925,0.0026590214110910892
cats_vs_dogs_resnet18_linear_0,97,0,0,0.9999992847442627,7.22915558526438e-07
cats_vs_dogs_resnet18_linear_0,98,0,0,0.9991925358772278,0.0008074659272097051
cats_vs_dogs_resnet18_linear_0,99,0,0,0.9999972581863403,2.7658691124088364e-06
cats_vs_dogs_resnet18_linear_0,100,0,0,0.9999167919158936,8.317697211168706e-05
cats_vs_dogs_resnet18_linear_0,101,0,0,0.9859189987182617,0.014081026427447796
cats_vs_dogs_resnet18_linear_0,102,0,0,0.9979350566864014,0.00206496799364686
cats_vs_dogs_resnet18_linear_0,103,0,0,0.9999951124191284,4.930721843265928e-06
cats_vs_dogs_resnet18_linear_0,104,0,0,0.9997519850730896,0.0002480652183294296
cats_vs_dogs_resnet18_linear_0,105,0,0,0.9999918937683105,8.143217200995423e-06
cats_vs_dogs_resnet18_linear_0,106,0,0,0.999998927116394,1.1256269090154092e-06
cats_vs_dogs_resnet18_linear_0,107,0,0,0.9997838139533997,0.00021624943474307656
cats_vs_dogs_resnet18_linear_0,108,0,0,0.9982701539993286,0.0017298597376793623
cats_vs_dogs_resnet18_linear_0,109,0,0,1.0,3.099570378140015e-08
cats_vs_dogs_resnet18_linear_0,110,0,0,0.9999939203262329,6.068679340387462e-06
cats_vs_dogs_resnet18_linear_0,111,0,0,0.9999995231628418,5.245684064902889e-07
cats_vs_dogs_resnet18_linear_0,112,0,0,0.9999916553497314,8.37273819342954e-06
cats_vs_dogs_resnet18_linear_0,113,0,0,0.9997802376747131,0.0002197798021370545
cats_vs_dogs_resnet18_linear_0,114,0,0,0.9999895095825195,1.0454817129357252e-05
cats_vs_dogs_resnet18_linear_0,115,0,0,0.9986143112182617,0.001385655952617526
cats_vs_dogs_resnet18_linear_0,116,0,0,0.9999998807907104,6.366968108295623e-08
cats_vs_dogs_resnet18_linear_0,117,0,0,0.9985296726226807,0.001470306538976729
cats_vs_dogs_resnet18_linear_0,118,0,0,0.999980092048645,1.9928012989112176e-05
cats_vs_dogs_resnet18_linear_0,119,0,0,0.9999598264694214,4.014293153886683e-05
cats_vs_dogs_resnet18_linear_0,120,0,0,0.9999902248382568,9.799684448807966e-06
cats_vs_dogs_resnet18_linear_0,121,0,0,0.9999979734420776,2.0610602859960636e-06
cats_vs_dogs_resnet18_linear_0,122,0,0,0.9999977350234985,2.2435835944634164e-06
cats_vs_dogs_resnet18_linear_0,123,0,0,0.9999833106994629,1.666498792474158e-05
cats_vs_dogs_resnet18_linear_0,124,0,0,0.9999896287918091,1.0410990398668218e-05
cats_vs_dogs_resnet18_linear_0,125,0,0,0.9999639987945557,3.5988297895528376e-05
cats_vs_dogs_resnet18_linear_0,126,0,0,0.999993085861206,6.948717782506719e-06
cats_vs_dogs_resnet18_linear_0,127,0,0,0.9999802112579346,1.984793743758928e-05
cats_vs_dogs_resnet18_linear_0,128,0,0,0.9999202489852905,7.970925071276724e-05
cats_vs_dogs_resnet18_linear_0,129,0,0,0.9999996423721313,3.099756895608152e-07
cats_vs_dogs_resnet18_linear_0,130,0,0,0.9999746084213257,2.5439849196118303e-05
cats_vs_dogs_resnet18_linear_0,131,0,0,0.9989803433418274,0.0010196042712777853
cats_vs_dogs_resnet18_linear_0,132,0,0,0.9998984336853027,0.00010154235496884212
cats_vs_dogs_resnet18_linear_0,133,0,0,0.9999996423721313,3.7041004929960764e-07
cats_vs_dogs_resnet18_linear_0,134,0,0,0.9999971389770508,2.905568862843211e-06
cats_vs_dogs_resnet18_linear_0,135,0,0,0.9729682207107544,0.02703181654214859
cats_vs_dogs_resnet18_linear_0,136,0,0,0.9175897240638733,0.0824103057384491
cats_vs_dogs_resnet18_linear_0,137,0,0,0.9436421394348145,0.056357789784669876
cats_vs_dogs_resnet18_linear_0,138,0,0,0.9999703168869019,2.968100852740463e-05
cats_vs_dogs_resnet18_linear_0,139,0,0,0.9998229146003723,0.00017706766084302217
cats_vs_dogs_resnet18_linear_0,140,0,0,0.9999145269393921,8.545130549464375e-05
cats_vs_dogs_resnet18_linear_0,141,0,0,0.9991886019706726,0.0008113778894767165
cats_vs_dogs_resnet18_linear_0,142,0,0,0.9999916553497314,8.370414434466511e-06
cats_vs_dogs_resnet18_linear_0,143,0,0,0.9999666213989258,3.3383959817001596e-05
cats_vs_dogs_resnet18_linear_0,144,0,0,0.999984622001648,1.5369972970802337e-05
cats_vs_dogs_resnet18_linear_0,145,0,0,0.9999847412109375,1.5230786630127113e-05
cats_vs_dogs_resnet18_linear_0,146,0,0,0.996429979801178,0.003570064902305603
cats_vs_dogs_resnet18_linear_0,147,0,0,0.7729395627975464,0.22706039249897003
cats_vs_dogs_resnet18_linear_0,148,0,0,0.9375296235084534,0.062470417469739914
cats_vs_dogs_resnet18_linear_0,149,0,0,0.989376425743103,0.010623537935316563
cats_vs_dogs_resnet18_linear_0,150,0,0,0.9999963045120239,3.6540229757520137e-06
cats_vs_dogs_resnet18_linear_0,151,0,0,0.9993001222610474,0.0006998111493885517
cats_vs_dogs_resnet18_linear_0,152,0,0,0.9817164540290833,0.018283529207110405
cats_vs_dogs_resnet18_linear_0,153,0,0,0.9974454641342163,0.0025545754469931126
cats_vs_dogs_resnet18_linear_0,154,0,0,0.9999649524688721,3.5044133255723864e-05
cats_vs_dogs_resnet18_linear_0,155,0,0,0.9988687634468079,0.0011312433052808046
cats_vs_dogs_resnet18_linear_0,156,0,0,0.9993202686309814,0.0006797457463108003
cats_vs_dogs_resnet18_linear_0,157,0,0,0.8659171462059021,0.1340828686952591
cats_vs_dogs_resnet18_linear_0,158,0,0,0.9991835951805115,0.000816419895272702
cats_vs_dogs_resnet18_linear_0,159,0,0,0.9770306348800659,0.022969407960772514
cats_vs_dogs_resnet18_linear_0,160,0,0,0.9999980926513672,1.9004896785190795e-06
cats_vs_dogs_resnet18_linear_0,161,0,0,0.9999980926513672,1.9630781480373116e-06
cats_vs_dogs_resnet18_linear_0,162,0,0,0.9999998807907104,8.686644292765777e-08
cats_vs_dogs_resnet18_linear_0,163,0,0,0.5562976598739624,0.4437023997306824
cats_vs_dogs_resnet18_linear_0,164,0,0,0.9998947381973267,0.0001053052837960422
cats_vs_dogs_resnet18_linear_0,165,0,0,0.9999871253967285,1.2853495718445629e-05
cats_vs_dogs_resnet18_linear_0,166,0,0,0.9999163150787354,8.367689588339999e-05
cats_vs_dogs_resnet18_linear_0,167,0,0,0.999885082244873,0.00011486927542136982
cats_vs_dogs_resnet18_linear_0,168,0,0,0.9915492534637451,0.00845067948102951
cats_vs_dogs_resnet18_linear_0,169,0,0,0.9994200468063354,0.0005799834034405649
cats_vs_dogs_resnet18_linear_0,170,0,0,0.9999377727508545,6.222803494893014e-05
cats_vs_dogs_resnet18_linear_0,171,0,1,0.036873675882816315,0.9631263613700867
cats_vs_dogs_resnet18_linear_0,172,0,0,0.9999473094940186,5.2691353630507365e-05
cats_vs_dogs_resnet18_linear_0,173,0,0,0.9715619683265686,0.028438076376914978
cats_vs_dogs_resnet18_linear_0,174,0,0,0.9999991655349731,8.393263328798639e-07
cats_vs_dogs_resnet18_linear_0,175,0,0,0.9741889834403992,0.025811007246375084
cats_vs_dogs_resnet18_linear_0,176,0,0,0.9968605041503906,0.0031395258847624063
cats_vs_dogs_resnet18_linear_0,177,0,0,0.9942305088043213,0.005769478622823954
cats_vs_dogs_resnet18_linear_0,178,0,0,0.9952127933502197,0.00478716567158699
cats_vs_dogs_resnet18_linear_0,179,0,0,0.7298303842544556,0.27016961574554443
cats_vs_dogs_resnet18_linear_0,180,0,0,0.9928850531578064,0.007114951498806477
cats_vs_dogs_resnet18_linear_0,181,0,0,0.9997350573539734,0.00026491362950764596
cats_vs_dogs_resnet18_linear_0,182,0,0,0.9991884827613831,0.0008115407545119524
cats_vs_dogs_resnet18_linear_0,183,0,0,0.9988975524902344,0.001102424692362547
cats_vs_dogs_resnet18_linear_0,184,0,0,0.9999661445617676,3.384872616152279e-05
cats_vs_dogs_resnet18_linear_0,185,0,0,0.9989284873008728,0.0010715153766795993
cats_vs_dogs_resnet18_linear_0,186,0,0,0.9998760223388672,0.00012393110955599695
cats_vs_dogs_resnet18_linear_0,187,0,0,0.9998121857643127,0.00018786925647873431
cats_vs_dogs_resnet18_linear_0,188,0,0,0.9981330037117004,0.001866990001872182
cats_vs_dogs_resnet18_linear_0,189,0,0,0.9999257326126099,7.428839307976887e-05
cats_vs_dogs_resnet18_linear_0,190,0,0,1.0,8.720056676736476e-09
cats_vs_dogs_resnet18_linear_0,191,0,0,0.9338794946670532,0.06612054258584976
cats_vs_dogs_resnet18_linear_0,192,0,0,0.9999990463256836,9.181153473036829e-07
cats_vs_dogs_resnet18_linear_0,193,0,0,0.9999628067016602,3.724008274730295e-05
cats_vs_dogs_resnet18_linear_0,194,0,0,0.9999282360076904,7.175111386459321e-05
cats_vs_dogs_resnet18_linear_0,195,0,0,0.9999898672103882,1.0075938916997984e-05
cats_vs_dogs_resnet18_linear_0,196,0,0,0.9999810457229614,1.894613160402514e-05
cats_vs_dogs_resnet18_linear_0,197,0,0,0.9999713897705078,2.859018240997102e-05
cats_vs_dogs_resnet18_linear_0,198,0,0,0.9999992847442627,7.327084290409402e-07
cats_vs_dogs_resnet18_linear_0,199,0,0,0.9999868869781494,1.3087170373182744e-05
cats_vs_dogs_resnet18_linear_0,200,0,0,0.9999483823776245,5.156986662768759e-05
cats_vs_dogs_resnet18_linear_0,201,0,0,0.9989758729934692,0.0010241341078653932
cats_vs_dogs_resnet18_linear_0,202,0,0,0.9982602000236511,0.001739807310514152
cats_vs_dogs_resnet18_linear_0,203,0,0,0.8262297511100769,0.1737702190876007
cats_vs_dogs_resnet18_linear_0,204,0,0,0.9999964237213135,3.635323537309887e-06
cats_vs_dogs_resnet18_linear_0,205,0,0,0.9126343131065369,0.08736566454172134
cats_vs_dogs_resnet18_linear_0,206,0,0,0.9998990297317505,0.00010093339369632304
cats_vs_dogs_resnet18_linear_0,207,0,0,0.9979738593101501,0.0020260890014469624
cats_vs_dogs_resnet18_linear_0,208,0,0,0.9999655485153198,3.449426367296837e-05
cats_vs_dogs_resnet18_linear_0,209,0,0,0.999983549118042,1.6406514987465926e-05
cats_vs_dogs_resnet18_linear_0,210,0,0,0.9999279975891113,7.196058868430555e-05
cats_vs_dogs_resnet18_linear_0,211,0,0,0.9999990463256836,8.980899792732089e-07
cats_vs_dogs_resnet18_linear_0,212,0,0,0.9999033212661743,9.66260049608536e-05
cats_vs_dogs_resnet18_linear_0,213,0,0,0.6575907468795776,0.34240925312042236
cats_vs_dogs_resnet18_linear_0,214,0,0,0.9999978542327881,2.1328096408979036e-06
cats_vs_dogs_resnet18_linear_0,215,0,0,0.9992886781692505,0.0007112509338185191
cats_vs_dogs_resnet18_linear_0,216,0,0,0.9983955025672913,0.0016045270022004843
cats_vs_dogs_resnet18_linear_0,217,0,0,0.9999948740005493,5.069734925200464e-06
cats_vs_dogs_resnet18_linear_0,218,0,0,0.9999579191207886,4.208933751215227e-05
cats_vs_dogs_resnet18_linear_0,219,0,0,0.9999121427536011,8.784209057921544e-05
cats_vs_dogs_resnet18_linear_0,220,0,0,0.5171356797218323,0.48286429047584534
cats_vs_dogs_resnet18_linear_0,221,0,0,0.9976903200149536,0.0023096520453691483
cats_vs_dogs_resnet18_linear_0,222,0,0,0.9999691247940063,3.091558755841106e-05
cats_vs_dogs_resnet18_linear_0,223,0,0,0.9965317845344543,0.00346826552413404
cats_vs_dogs_resnet18_linear_0,224,0,0,0.9998506307601929,0.00014934899809304625
cats_vs_dogs_resnet18_linear_0,225,0,0,0.9967219233512878,0.0032780496403574944
cats_vs_dogs_resnet18_linear_0,226,0,0,0.9985612034797668,0.0014387762639671564
cats_vs_dogs_resnet18_linear_0,227,0,0,0.9999889135360718,1.1120505405415315e-05
cats_vs_dogs_resnet18_linear_0,228,0,0,0.9999996423721313,3.185961929830228e-07
cats_vs_dogs_resnet18_linear_0,229,0,0,0.9999421834945679,5.785785833722912e-05
cats_vs_dogs_resnet18_linear_0,230,0,0,0.7136524319648743,0.2863475978374481
cats_vs_dogs_resnet18_linear_0,231,0,0,0.9486597180366516,0.05134033039212227
cats_vs_dogs_resnet18_linear_0,232,0,0,0.9999966621398926,3.389541916476446e-06
cats_vs_dogs_resnet18_linear_0,233,0,0,0.999997615814209,2.329467179151834e-06
cats_vs_dogs_resnet18_linear_0,234,0,0,0.9999597072601318,4.027276372653432e-05
cats_vs_dogs_resnet18_linear_0,235,0,0,0.9999531507492065,4.680164420278743e-05
cats_vs_dogs_resnet18_linear_0,236,0,0,0.9999961853027344,3.874241883750074e-06
cats_vs_dogs_resnet18_linear_0,237,0,0,0.999994158744812,5.876433533558156e-06
cats_vs_dogs_resnet18_linear_0,238,0,0,0.9999198913574219,8.004326082300395e-05
cats_vs_dogs_resnet18_linear_0,239,0,1,0.09174239635467529,0.9082576036453247
cats_vs_dogs_resnet18_linear_0,240,0,0,0.9589059352874756,0.041094016283750534
cats_vs_dogs_resnet18_linear_0,241,0,0,0.9997311234474182,0.00026885810075327754
cats_vs_dogs_resnet18_linear_0,242,0,0,0.9991045594215393,0.0008954014047048986
cats_vs_dogs_resnet18_linear_0,243,0,0,0.9996039271354675,0.00039607705548405647
cats_vs_dogs_resnet18_linear_0,244,0,0,0.9999809265136719,1.9059847545577213e-05
cats_vs_dogs_resnet18_linear_0,245,0,0,0.9955974221229553,0.004402587190270424
cats_vs_dogs_resnet18_linear_0,246,0,0,0.9998704195022583,0.00012959956075064838
cats_vs_dogs_resnet18_linear_0,247,0,0,0.9999794960021973,2.0514184143394232e-05
cats_vs_dogs_resnet18_linear_0,248,0,0,0.9999421834945679,5.7844838011078537e-05
cats_vs_dogs_resnet18_linear_0,249,0,0,0.9999589920043945,4.0949871618067846e-05
cats_vs_dogs_resnet18_linear_0,250,0,0,1.0,2.206981442043343e-08
cats_vs_dogs_resnet18_linear_0,251,0,0,0.9999231100082397,7.694333180552348e-05
cats_vs_dogs_resnet18_linear_0,252,0,0,0.9981051683425903,0.0018948266515508294
cats_vs_dogs_resnet18_linear_0,253,0,0,0.9998559951782227,0.00014403554087039083
cats_vs_dogs_resnet18_linear_0,254,0,0,0.9999734163284302,2.658798075572122e-05
cats_vs_dogs_resnet18_linear_0,255,0,0,0.9746924638748169,0.025307564064860344
cats_vs_dogs_resnet18_linear_0,256,0,0,0.9619658589363098,0.038034167140722275
cats_vs_dogs_resnet18_linear_0,257,0,0,0.9999984502792358,1.5492944385187002e-06
cats_vs_dogs_resnet18_linear_0,258,0,0,0.9999629259109497,3.704540722537786e-05
cats_vs_dogs_resnet18_linear_0,259,0,0,0.9998353719711304,0.00016460163169540465
cats_vs_dogs_resnet18_linear_0,260,0,0,0.9997280240058899,0.00027197771123610437
cats_vs_dogs_resnet18_linear_0,261,0,0,0.9995760321617126,0.00042391096940264106
cats_vs_dogs_resnet18_linear_0,262,0,0,0.5919001698493958,0.408099889755249
cats_vs_dogs_resnet18_linear_0,263,0,0,0.9999939203262329,6.031533303030301e-06
cats_vs_dogs_resnet18_linear_0,264,0,0,0.9995077848434448,0.0004922011285088956
cats_vs_dogs_resnet18_linear_0,265,0,0,0.9828078746795654,0.01719209924340248
cats_vs_dogs_resnet18_linear_0,266,0,0,0.9999984502792358,1.527497602182848e-06
cats_vs_dogs_resnet18_linear_0,267,0,0,0.9999867677688599,1.3219041647971608e-05
cats_vs_dogs_resnet18_linear_0,268,0,0,0.9964542388916016,0.003545733168721199
cats_vs_dogs_resnet18_linear_0,269,0,0,0.7962974905967712,0.20370249450206757
cats_vs_dogs_resnet18_linear_0,270,0,0,0.9001653790473938,0.0998346209526062
cats_vs_dogs_resnet18_linear_0,271,0,0,0.9999507665634155,4.927581539959647e-05
cats_vs_dogs_resnet18_linear_0,272,0,0,0.9921684861183167,0.007831467315554619
cats_vs_dogs_resnet18_linear_0,273,0,0,0.999763548374176,0.00023646543559152633
cats_vs_dogs_resnet18_linear_0,274,0,0,0.999958872795105,4.1080478695221245e-05
cats_vs_dogs_resnet18_linear_0,275,0,0,0.9998880624771118,0.00011197049752809107
cats_vs_dogs_resnet18_linear_0,276,0,0,0.9997478127479553,0.000252165540587157
cats_vs_dogs_resnet18_linear_0,277,0,0,0.9999722242355347,2.773000960587524e-05
cats_vs_dogs_resnet18_linear_0,278,0,0,0.9999990463256836,9.288580713473493e-07
cats_vs_dogs_resnet18_linear_0,279,0,0,0.9667470455169678,0.033253028988838196
cats_vs_dogs_resnet18_linear_0,280,0,0,0.9999997615814209,2.933232963187038e-07
cats_vs_dogs_resnet18_linear_0,281,0,0,0.9999878406524658,1.2190142115287017e-05
cats_vs_dogs_resnet18_linear_0,282,0,0,0.9999314546585083,6.852819205960259e-05
cats_vs_dogs_resnet18_linear_0,283,0,0,0.9999953508377075,4.643821739591658e-06
cats_vs_dogs_resnet18_linear_0,284,0,0,0.967542827129364,0.032457198947668076
cats_vs_dogs_resnet18_linear_0,285,0,0,0.9999988079071045,1.2396251349855447e-06
cats_vs_dogs_resnet18_linear_0,286,0,0,0.9999892711639404,1.0785452104755677e-05
cats_vs_dogs_resnet18_linear_0,287,0,0,0.9999922513961792,7.700947207922582e-06
cats_vs_dogs_resnet18_linear_0,288,0,0,0.9993430972099304,0.0006569069810211658
cats_vs_dogs_resnet18_linear_0,289,0,0,0.9996942281723022,0.0003058273287024349
cats_vs_dogs_resnet18_linear_0,290,0,0,0.9995144605636597,0.00048555046669207513
cats_vs_dogs_resnet18_linear_0,291,0,0,0.9999868869781494,1.3158882211428136e-05
cats_vs_dogs_resnet18_linear_0,292,0,0,0.8434275388717651,0.15657243132591248
cats_vs_dogs_resnet18_linear_0,293,0,0,0.9999998807907104,7.168522131451027e-08
cats_vs_dogs_resnet18_linear_0,294,0,0,0.9999967813491821,3.243847459089011e-06
cats_vs_dogs_resnet18_linear_0,295,0,0,0.9997480511665344,0.0002519572153687477
cats_vs_dogs_resnet18_linear_0,296,0,0,0.7648325562477112,0.23516741394996643
cats_vs_dogs_resnet18_linear_0,297,0,0,0.994360625743866,0.005639413837343454
cats_vs_dogs_resnet18_linear_0,298,0,0,0.9999967813491821,3.256993977629463e-06
cats_vs_dogs_resnet18_linear_0,299,0,0,0.9924389123916626,0.007561090402305126
cats_vs_dogs_resnet18_linear_0,300,1,1,0.016382258385419846,0.9836177825927734
cats_vs_dogs_resnet18_linear_0,301,1,1,0.009607388637959957,0.9903926849365234
cats_vs_dogs_resnet18_linear_0,302,1,1,6.889624637551606e-05,0.9999310970306396
cats_vs_dogs_resnet18_linear_0,303,1,1,0.0003204308159183711,0.9996795654296875
cats_vs_dogs_resnet18_linear_0,304,1,1,0.00018502611783333123,0.999815046787262
cats_vs_dogs_resnet18_linear_0,305,1,1,8.97271547728451e-07,0.9999990463256836
cats_vs_dogs_resnet18_linear_0,306,1,1,0.00017127583851106465,0.9998286962509155
cats_vs_dogs_resnet18_linear_0,307,1,1,0.0024988320656120777,0.9975011944770813
cats_vs_dogs_resnet18_linear_0,308,1,1,1.7990603737416677e-05,0.9999819993972778
cats_vs_dogs_resnet18_linear_0,309,1,1,0.0037335166707634926,0.9962665438652039
cats_vs_dogs_resnet18_linear_0,310,1,1,0.008487658575177193,0.9915123581886292
cats_vs_dogs_resnet18_linear_0,311,1,1,0.00808109249919653,0.9919189810752869
cats_vs_dogs_resnet18_linear_0,312,1,0,0.6308565735816956,0.36914339661598206
cats_vs_dogs_resnet18_linear_0,313,1,1,0.00031719685648567975,0.9996827840805054
cats_vs_dogs_resnet18_linear_0,314,1,1,0.00012703079846687615,0.9998729228973389
cats_vs_dogs_resnet18_linear_0,315,1,1,9.034205140778795e-05,0.9999096393585205
cats_vs_dogs_resnet18_linear_0,316,1,1,0.0016084816306829453,0.9983914494514465
cats_vs_dogs_resnet18_linear_0,317,1,1,0.001184859429486096,0.9988151788711548
cats_vs_dogs_resnet18_linear_0,318,1,1,9.382495773024857e-05,0.9999061822891235
cats_vs_dogs_resnet18_linear_0,319,1,1,0.0028552927542477846,0.9971446394920349
cats_vs_dogs_resnet18_linear_0,320,1,1,2.4700329959159717e-05,0.999975323677063
cats_vs_dogs_resnet18_linear_0,321,1,1,0.0023155491799116135,0.9976844787597656
cats_vs_dogs_resnet18_linear_0,322,1,1,0.007707191165536642,0.9922927618026733
cats_vs_dogs_resnet18_linear_0,323,1,1,0.0010951211443170905,0.998904824256897
cats_vs_dogs_resnet18_linear_0,324,1,1,0.015044436790049076,0.9849554896354675
cats_vs_dogs_resnet18_linear_0,325,1,1,0.029890259727835655,0.970109760761261
cats_vs_dogs_resnet18_linear_0,326,1,1,0.010725504718720913,0.9892744421958923
cats_vs_dogs_resnet18_linear_0,327,1,1,0.00023170320491772145,0.9997683167457581
cats_vs_dogs_resnet18_linear_0,328,1,1,5.261458136374131e-05,0.9999474287033081
cats_vs_dogs_resnet18_linear_0,329,1,1,0.0006910387892276049,0.9993089437484741
cats_vs_dogs_resnet18_linear_0,330,1,1,0.0024409356992691755,0.9975590705871582
cats_vs_dogs_resnet18_linear_0,331,1,1,0.4506659209728241,0.5493340492248535
cats_vs_dogs_resnet18_linear_0,332,1,1,0.00015168679237831384,0.9998482465744019
cats_vs_dogs_resnet18_linear_0,333,1,1,0.0018197238678112626,0.9981802701950073
cats_vs_dogs_resnet18_linear_0,334,1,1,0.0001624525320949033,0.9998375177383423
cats_vs_dogs_resnet18_linear_0,335,1,1,0.003274490125477314,0.9967254400253296
cats_vs_dogs_resnet18_linear_0,336,1,1,1.879202955024084e-06,0.9999980926513672
cats_vs_dogs_resnet18_linear_0,337,1,1,0.00027386524016037583,0.9997261166572571
cats_vs_dogs_resnet18_linear_0,338,1,1,0.00036660442128777504,0.9996334314346313
cats_vs_dogs_resnet18_linear_0,339,1,1,0.0013172482140362263,0.9986827969551086
cats_vs_dogs_resnet18_linear_0,340,1,1,9.442515874980018e-05,0.9999055862426758
cats_vs_dogs_resnet18_linear_0,341,1,1,0.013369720429182053,0.9866303205490112
cats_vs_dogs_resnet18_linear_0,342,1,1,0.00041363140917383134,0.9995864033699036
cats_vs_dogs_resnet18_linear_0,343,1,1,0.008542760275304317,0.9914572834968567
cats_vs_dogs_resnet18_linear_0,344,1,1,0.0076874298974871635,0.9923126101493835
cats_vs_dogs_resnet18_linear_0,345,1,1,0.00040255585918202996,0.9995974898338318
cats_vs_dogs_resnet18_linear_0,346,1,1,0.0002699883480090648,0.9997300505638123
cats_vs_dogs_resnet18_linear_0,347,1,1,0.0009550937102176249,0.9990448355674744
cats_vs_dogs_resnet18_linear_0,348,1,1,0.0037283427082002163,0.9962716102600098
cats_vs_dogs_resnet18_linear_0,349,1,1,0.020963158458471298,0.9790368676185608
cats_vs_dogs_resnet18_linear_0,350,1,1,9.16325589059852e-05,0.9999083280563354
cats_vs_dogs_resnet18_linear_0,351,1,1,0.0006570781697519124,0.9993428587913513
cats_vs_dogs_resnet18_linear_0,352,1,1,0.003936478402465582,0.9960635304450989
cats_vs_dogs_resnet18_linear_0,353,1,1,0.0030704995151609182,0.9969294667243958
cats_vs_dogs_resnet18_linear_0,354,1,1,0.0030283057130873203,0.9969717264175415
cats_vs_dogs_resnet18_linear_0,355,1,1,0.00022524147061631083,0.9997747540473938
cats_vs_dogs_resnet18_linear_0,356,1,1,0.00013788044452667236,0.9998620748519897
cats_vs_dogs_resnet18_linear_0,357,1,1,0.0019251398043707013,0.9980748891830444
cats_vs_dogs_resnet18_linear_0,358,1,1,0.0003283672849647701,0.9996716976165771
cats_vs_dogs_resnet18_linear_0,359,1,1,3.076723442063667e-05,0.9999692440032959
cats_vs_dogs_resnet18_linear_0,360,1,0,0.8173325061798096,0.18266750872135162
cats_vs_dogs_resnet18_linear_0,361,1,1,0.0007051662541925907,0.9992947578430176
cats_vs_dogs_resnet18_linear_0,362,1,1,0.001180467545054853,0.9988195300102234
cats_vs_dogs_resnet18_linear_0,363,1,1,0.006202353164553642,0.9937976002693176
cats_vs_dogs_resnet18_linear_0,364,1,1,0.002110233996063471,0.9978898167610168
cats_vs_dogs_resnet18_linear_0,365,1,1,0.00033837099908851087,0.9996616840362549
cats_vs_dogs_resnet18_linear_0,366,1,1,0.00790444202721119,0.9920955300331116
cats_vs_dogs_resnet18_linear_0,367,1,1,0.022421453148126602,0.9775785207748413
cats_vs_dogs_resnet18_linear_0,368,1,1,0.0001252174552064389,0.9998747110366821
cats_vs_dogs_resnet18_linear_0,369,1,1,1.150316256826045e-05,0.9999885559082031
cats_vs_dogs_resnet18_linear_0,370,1,1,0.0009137282613664865,0.9990862607955933
cats_vs_dogs_resnet18_linear_0,371,1,1,0.002512581879273057,0.9974874258041382
cats_vs_dogs_resnet18_linear_0,372,1,1,0.001751061761751771,0.9982489347457886
cats_vs_dogs_resnet18_linear_0,373,1,1,0.01808861456811428,0.9819113612174988
cats_vs_dogs_resnet18_linear_0,374,1,1,0.0034241843968629837,0.9965757727622986
cats_vs_dogs_resnet18_linear_0,375,1,1,0.16089530289173126,0.8391046524047852
cats_vs_dogs_resnet18_linear_0,376,1,1,0.00597421545535326,0.994025707244873
cats_vs_dogs_resnet18_linear_0,377,1,1,0.001665210467763245,0.9983348250389099
cats_vs_dogs_resnet18_linear_0,378,1,1,3.739274325198494e-05,0.999962568283081
cats_vs_dogs_resnet18_linear_0,379,1,1,0.0007720701396465302,0.9992278814315796
cats_vs_dogs_resnet18_linear_0,380,1,1,0.0005412759492173791,0.9994587302207947
cats_vs_dogs_resnet18_linear_0,381,1,1,0.0043853712268173695,0.9956146478652954
cats_vs_dogs_resnet18_linear_0,382,1,1,0.014173859730362892,0.9858261942863464
cats_vs_dogs_resnet18_linear_0,383,1,0,0.8814635276794434,0.11853647232055664
cats_vs_dogs_resnet18_linear_0,384,1,1,5.36582149379683e-07,0.9999994039535522
cats_vs_dogs_resnet18_linear_0,385,1,1,0.0038331446703523397,0.9961668848991394
cats_vs_dogs_resnet18_linear_0,386,1,1,1.715100916044321e-05,0.9999828338623047
cats_vs_dogs_resnet18_linear_0,387,1,1,0.0003760528634302318,0.9996238946914673
cats_vs_dogs_resnet18_linear_0,388,1,1,0.0013058268232271075,0.9986942410469055
cats_vs_dogs_resnet18_linear_0,389,1,1,0.006334519945085049,0.9936654567718506
cats_vs_dogs_resnet18_linear_0,390,1,1,0.0009641975630074739,0.9990358352661133
cats_vs_dogs_resnet18_linear_0,391,1,1,0.002917397068813443,0.997082531452179
cats_vs_dogs_resnet18_linear_0,392,1,1,0.027678322046995163,0.9723216891288757
cats_vs_dogs_resnet18_linear_0,393,1,1,0.0005601528100669384,0.9994397759437561
cats_vs_dogs_resnet18_linear_0,394,1,1,0.007297059521079063,0.9927029609680176
cats_vs_dogs_resnet18_linear_0,395,1,1,0.002263479633256793,0.9977364540100098
cats_vs_dogs_resnet18_linear_0,396,1,1,0.002793117193505168,0.9972068667411804
cats_vs_dogs_resnet18_linear_0,397,1,1,0.04299357533454895,0.9570063948631287
cats_vs_dogs_resnet18_linear_0,398,1,1,0.2377225011587143,0.7622775435447693
cats_vs_dogs_resnet18_linear_0,399,1,0,0.6623823642730713,0.3376176655292511
cats_vs_dogs_resnet18_linear_0,400,1,1,0.0010689059272408485,0.9989311099052429
cats_vs_dogs_resnet18_linear_0,401,1,1,0.012730251997709274,0.9872697591781616
cats_vs_dogs_resnet18_linear_0,402,1,1,0.0005666215438395739,0.9994333386421204
cats_vs_dogs_resnet18_linear_0,403,1,1,0.0003426509501878172,0.999657392501831
cats_vs_dogs_resnet18_linear_0,404,1,1,0.01796545274555683,0.9820345640182495
cats_vs_dogs_resnet18_linear_0,405,1,1,0.0050238328985869884,0.9949761629104614
cats_vs_dogs_resnet18_linear_0,406,1,1,4.576944775180891e-05,0.9999542236328125
cats_vs_dogs_resnet18_linear_0,407,1,1,0.00033875100780278444,0.9996612071990967
cats_vs_dogs_resnet18_linear_0,408,1,1,1.7494814528618008e-05,0.999982476234436
cats_vs_dogs_resnet18_linear_0,409,1,1,0.015539147891104221,0.9844608902931213
cats_vs_dogs_resnet18_linear_0,410,1,1,0.00011825137335108593,0.9998817443847656
cats_vs_dogs_resnet18_linear_0,411,1,1,0.0033403197303414345,0.9966596364974976
cats_vs_dogs_resnet18_linear_0,412,1,1,0.002404907951131463,0.9975951313972473
cats_vs_dogs_resnet18_linear_0,413,1,1,0.0009234159952029586,0.9990766048431396
cats_vs_dogs_resnet18_linear_0,414,1,1,0.12623260915279388,0.8737673759460449
cats_vs_dogs_resnet18_linear_0,415,1,1,0.008118320256471634,0.9918816685676575
cats_vs_dogs_resnet18_linear_0,416,1,1,0.011097783222794533,0.9889021515846252
cats_vs_dogs_resnet18_linear_0,417,1,1,0.00019733567023649812,0.9998026490211487
cats_vs_dogs_resnet18_linear_0,418,1,1,0.0036187409423291683,0.9963812828063965
cats_vs_dogs_resnet18_linear_0,419,1,1,0.018202882260084152,0.9817970991134644
cats_vs_dogs_resnet18_linear_0,420,1,1,0.08965469151735306,0.9103453159332275
cats_vs_dogs_resnet18_linear_0,421,1,0,0.6817842721939087,0.3182157576084137
cats_vs_dogs_resnet18_linear_0,422,1,1,0.00011921305122086778,0.9998807907104492
cats_vs_dogs_resnet18_linear_0,423,1,1,0.006492155604064465,0.9935078620910645
cats_vs_dogs_resnet18_linear_0,424,1,1,0.0005846572457812726,0.999415397644043
cats_vs_dogs_resnet18_linear_0,425,1,1,0.011104426346719265,0.9888955354690552
cats_vs_dogs_resnet18_linear_0,426,1,1,8.751617860980332e-05,0.9999125003814697
cats_vs_dogs_resnet18_linear_0,427,1,1,3.410905628697947e-05,0.9999659061431885
cats_vs_dogs_resnet18_linear_0,428,1,1,0.006846983451396227,0.9931529760360718
cats_vs_dogs_resnet18_linear_0,429,1,1,0.002715272130444646,0.9972847700119019
cats_vs_dogs_resnet18_linear_0,430,1,1,2.1697314878110774e-05,0.9999783039093018
cats_vs_dogs_resnet18_linear_0,431,1,1,0.2406633049249649,0.7593367099761963
cats_vs_dogs_resnet18_linear_0,432,1,1,0.02227223478257656,0.9777277708053589
cats_vs_dogs_resnet18_linear_0,433,1,1,0.09777374565601349,0.9022262096405029
cats_vs_dogs_resnet18_linear_0,434,1,1,0.0016097909538075328,0.9983901977539062
cats_vs_dogs_resnet18_linear_0,435,1,1,9.44427156355232e-05,0.9999055862426758
cats_vs_dogs_resnet18_linear_0,436,1,1,0.0003604144440032542,0.999639630317688
cats_vs_dogs_resnet18_linear_0,437,1,1,0.01004889514297247,0.9899510741233826
cats_vs_dogs_resnet18_linear_0,438,1,1,0.001279950956813991,0.9987200498580933
cats_vs_dogs_resnet18_linear_0,439,1,1,0.00022520859783980995,0.9997747540473938
cats_vs_dogs_resnet18_linear_0,440,1,1,0.009819761849939823,0.990180253982544
cats_vs_dogs_resnet18_linear_0,441,1,1,0.09381184726953506,0.9061881303787231
cats_vs_dogs_resnet18_linear_0,442,1,1,0.0015773914055898786,0.9984226226806641
cats_vs_dogs_resnet18_linear_0,443,1,1,0.00016891444101929665,0.9998310804367065
cats_vs_dogs_resnet18_linear_0,444,1,1,0.0017571820644661784,0.9982428550720215
cats_vs_dogs_resnet18_linear_0,445,1,1,0.005792766809463501,0.9942072629928589
cats_vs_dogs_resnet18_linear_0,446,1,1,0.007095393259078264,0.9929046034812927
cats_vs_dogs_resnet18_linear_0,447,1,1,0.012628772296011448,0.9873712062835693
cats_vs_dogs_resnet18_linear_0,448,1,1,0.0001417595340171829,0.9998582601547241
cats_vs_dogs_resnet18_linear_0,449,1,1,1.8610649931360967e-05,0.9999814033508301
cats_vs_dogs_resnet18_linear_0,450,1,1,0.006504165008664131,0.9934958219528198
cats_vs_dogs_resnet18_linear_0,451,1,1,0.11152046173810959,0.8884795308113098
cats_vs_dogs_resnet18_linear_0,452,1,1,0.001781229511834681,0.9982187151908875
cats_vs_dogs_resnet18_linear_0,453,1,1,4.804295895155519e-05,0.999951958656311
cats_vs_dogs_resnet18_linear_0,454,1,1,0.08932124078273773,0.9106787443161011
cats_vs_dogs_resnet18_linear_0,455,1,1,0.0025949415285140276,0.9974049925804138
cats_vs_dogs_resnet18_linear_0,456,1,1,0.0026525144930928946,0.9973474740982056
cats_vs_dogs_resnet18_linear_0,457,1,1,0.009053689427673817,0.9909462928771973
cats_vs_dogs_resnet18_linear_0,458,1,1,1.6723928638384677e-05,0.9999833106994629
cats_vs_dogs_resnet18_linear_0,459,1,1,0.008418850600719452,0.9915811419487
cats_vs_dogs_resnet18_linear_0,460,1,1,0.00018653178995009512,0.9998134970664978
cats_vs_dogs_resnet18_linear_0,461,1,1,8.547095058020204e-05,0.9999145269393921
cats_vs_dogs_resnet18_linear_0,462,1,1,0.0003881508600898087,0.9996119141578674
cats_vs_dogs_resnet18_linear_0,463,1,1,0.0006281075184233487,0.9993719458580017
cats_vs_dogs_resnet18_linear_0,464,1,1,0.0016067582182586193,0.9983932375907898
cats_vs_dogs_resnet18_linear_0,465,1,1,2.6929490559268743e-05,0.9999730587005615
cats_vs_dogs_resnet18_linear_0,466,1,1,0.0018513492541387677,0.9981486797332764
cats_vs_dogs_resnet18_linear_0,467,1,1,0.005322583485394716,0.9946774244308472
cats_vs_dogs_resnet18_linear_0,468,1,1,0.023988451808691025,0.9760115146636963
cats_vs_dogs_resnet18_linear_0,469,1,1,0.0005495111690834165,0.9994505047798157
cats_vs_dogs_resnet18_linear_0,470,1,1,9.95491209323518e-05,0.9999004602432251
cats_vs_dogs_resnet18_linear_0,471,1,1,0.003100830130279064,0.9968991279602051
cats_vs_dogs_resnet18_linear_0,472,1,1,0.000924380321521312,0.9990756511688232
cats_vs_dogs_resnet18_linear_0,473,1,0,0.598258376121521,0.40174156427383423
cats_vs_dogs_resnet18_linear_0,474,1,1,0.0005836844793520868,0.9994163513183594
cats_vs_dogs_resnet18_linear_0,475,1,1,0.11523477733135223,0.8847652673721313
cats_vs_dogs_resnet18_linear_0,476,1,1,0.002847383264452219,0.99715256690979
cats_vs_dogs_resnet18_linear_0,477,1,1,0.002186464611440897,0.9978134632110596
cats_vs_dogs_resnet18_linear_0,478,1,1,0.00646051112562418,0.9935395121574402
cats_vs_dogs_resnet18_linear_0,479,1,1,0.00017271938850171864,0.9998273253440857
cats_vs_dogs_resnet18_linear_0,480,1,1,0.0004747870552819222,0.9995251893997192
cats_vs_dogs_resnet18_linear_0,481,1,1,0.0014123166911303997,0.9985877275466919
cats_vs_dogs_resnet18_linear_0,482,1,1,0.0005415354971773922,0.9994584918022156
cats_vs_dogs_resnet18_linear_0,483,1,1,0.0016975518083199859,0.9983024597167969
cats_vs_dogs_resnet18_linear_0,484,1,1,0.0012066058116033673,0.998793363571167
cats_vs_dogs_resnet18_linear_0,485,1,1,0.00020917366782668978,0.9997908473014832
cats_vs_dogs_resnet18_linear_0,486,1,1,7.009801629465073e-05,0.9999299049377441
cats_vs_dogs_resnet18_linear_0,487,1,1,0.004907580092549324,0.9950923919677734
cats_vs_dogs_resnet18_linear_0,488,1,1,0.002910900628194213,0.9970890879631042
cats_vs_dogs_resnet18_linear_0,489,1,1,0.0071237897500395775,0.9928762912750244
cats_vs_dogs_resnet18_linear_0,490,1,1,0.000354133517248556,0.9996458292007446
cats_vs_dogs_resnet18_linear_0,491,1,1,0.014266890473663807,0.9857330322265625
cats_vs_dogs_resnet18_linear_0,492,1,1,0.0115682203322649,0.9884317517280579
cats_vs_dogs_resnet18_linear_0,493,1,1,0.00016620827955193818,0.9998338222503662
cats_vs_dogs_resnet18_linear_0,494,1,1,0.0037150720600038767,0.9962849617004395
cats_vs_dogs_resnet18_linear_0,495,1,1,0.0036426193546503782,0.9963573813438416
cats_vs_dogs_resnet18_linear_0,496,1,1,0.0009881387231871486,0.9990118741989136
cats_vs_dogs_resnet18_linear_0,497,1,1,0.11928130686283112,0.8807187080383301
cats_vs_dogs_resnet18_linear_0,498,1,1,0.014428297989070415,0.9855717420578003
cats_vs_dogs_resnet18_linear_0,499,1,1,5.453038102132268e-05,0.9999455213546753
cats_vs_dogs_resnet18_linear_0,500,1,1,2.209680314990692e-05,0.9999779462814331
cats_vs_dogs_resnet18_linear_0,501,1,1,0.013510962948203087,0.9864891171455383
cats_vs_dogs_resnet18_linear_0,502,1,1,0.01345373596996069,0.9865462779998779
cats_vs_dogs_resnet18_linear_0,503,1,1,0.011470564641058445,0.9885293841362
cats_vs_dogs_resnet18_linear_0,504,1,1,0.0012349608587101102,0.9987651109695435
cats_vs_dogs_resnet18_linear_0,505,1,1,0.000769620353821665,0.9992303848266602
cats_vs_dogs_resnet18_linear_0,506,1,1,0.028862271457910538,0.9711377024650574
cats_vs_dogs_resnet18_linear_0,507,1,1,0.002838469808921218,0.9971615076065063
cats_vs_dogs_resnet18_linear_0,508,1,1,0.0005588486674241722,0.9994410872459412
cats_vs_dogs_resnet18_linear_0,509,1,1,0.0007367868674919009,0.9992632269859314
cats_vs_dogs_resnet18_linear_0,510,1,1,0.004724194295704365,0.9952757358551025
cats_vs_dogs_resnet18_linear_0,511,1,1,0.0001227241737069562,0.9998772144317627
cats_vs_dogs_resnet18_linear_0,512,1,1,0.004159598145633936,0.9958403706550598
cats_vs_dogs_resnet18_linear_0,513,1,1,0.009388726204633713,0.9906112551689148
cats_vs_dogs_resnet18_linear_0,514,1,1,0.005814499221742153,0.9941855072975159
cats_vs_dogs_resnet18_linear_0,515,1,1,0.002541456837207079,0.9974585175514221
cats_vs_dogs_resnet18_linear_0,516,1,1,0.00013740453869104385,0.999862551689148
cats_vs_dogs_resnet18_linear_0,517,1,1,0.0003235913463868201,0.9996764659881592
cats_vs_dogs_resnet18_linear_0,518,1,1,0.0050248391926288605,0.994975209236145
cats_vs_dogs_resnet18_linear_0,519,1,1,0.0023426765110343695,0.997657299041748
cats_vs_dogs_resnet18_linear_0,520,1,1,0.0812622457742691,0.9187377691268921
cats_vs_dogs_resnet18_linear_0,521,1,1,0.002728598890826106,0.9972713589668274
cats_vs_dogs_resnet18_linear_0,522,1,1,0.0006665968103334308,0.9993333220481873
cats_vs_dogs_resnet18_linear_0,523,1,1,0.11271730810403824,0.88728266954422
cats_vs_dogs_resnet18_linear_0,524,1,1,0.0007916054455563426,0.999208390712738
cats_vs_dogs_resnet18_linear_0,525,1,1,0.015472294762730598,0.9845276474952698
cats_vs_dogs_resnet18_linear_0,526,1,1,0.029851889237761497,0.9701481461524963
cats_vs_dogs_resnet18_linear_0,527,1,1,0.0003549048269633204,0.9996451139450073
cats_vs_dogs_resnet18_linear_0,528,1,1,0.00010242460120934993,0.9998975992202759
cats_vs_dogs_resnet18_linear_0,529,1,1,0.01602162793278694,0.9839783310890198
cats_vs_dogs_resnet18_linear_0,530,1,1,0.0017106004524976015,0.9982894062995911
cats_vs_dogs_resnet18_linear_0,531,1,1,6.954810669412836e-05,0.9999305009841919
cats_vs_dogs_resnet18_linear_0,532,1,1,0.07774242013692856,0.9222576022148132
cats_vs_dogs_resnet18_linear_0,533,1,1,0.059660449624061584,0.9403395056724548
cats_vs_dogs_resnet18_linear_0,534,1,1,0.002115145791321993,0.9978848099708557
cats_vs_dogs_resnet18_linear_0,535,1,1,6.134277646197006e-05,0.9999386072158813
cats_vs_dogs_resnet18_linear_0,536,1,1,0.005341162905097008,0.9946587681770325
cats_vs_dogs_resnet18_linear_0,537,1,1,0.00036883639404550195,0.9996311664581299
cats_vs_dogs_resnet18_linear_0,538,1,1,0.03075534664094448,0.969244658946991
cats_vs_dogs_resnet18_linear_0,539,1,1,8.852684550220147e-05,0.9999114274978638
cats_vs_dogs_resnet18_linear_0,540,1,1,0.0002831721503753215,0.9997168183326721
cats_vs_dogs_resnet18_linear_0,541,1,1,0.0008124448359012604,0.9991875290870667
cats_vs_dogs_resnet18_linear_0,542,1,1,0.00024773567565716803,0.9997522234916687
cats_vs_dogs_resnet18_linear_0,543,1,1,0.012550762854516506,0.9874491691589355
cats_vs_dogs_resnet18_linear_0,544,1,1,0.00015470213838852942,0.9998452663421631
cats_vs_dogs_resnet18_linear_0,545,1,1,0.034619685262441635,0.9653803706169128
cats_vs_dogs_resnet18_linear_0,546,1,1,0.003030200954526663,0.9969698786735535
cats_vs_dogs_resnet18_linear_0,547,1,1,5.28024338564137e-06,0.9999947547912598
cats_vs_dogs_resnet18_linear_0,548,1,1,0.009257003664970398,0.9907429814338684
cats_vs_dogs_resnet18_linear_0,549,1,1,8.467490260954946e-06,0.9999915361404419
cats_vs_dogs_resnet18_linear_0,550,1,1,0.02437620982527733,0.9756237268447876
cats_vs_dogs_resnet18_linear_0,551,1,1,2.7768646759795956e-05,0.9999722242355347
cats_vs_dogs_resnet18_linear_0,552,1,1,8.498915121890604e-05,0.9999150037765503
cats_vs_dogs_resnet18_linear_0,553,1,1,0.0007069871062412858,0.9992929697036743
cats_vs_dogs_resnet18_linear_0,554,1,1,0.043455686420202255,0.9565443396568298
cats_vs_dogs_resnet18_linear_0,555,1,1,0.027455424889922142,0.9725445508956909
cats_vs_dogs_resnet18_linear_0,556,1,1,0.00011640949378488585,0.9998835325241089
cats_vs_dogs_resnet18_linear_0,557,1,1,0.0021661301143467426,0.9978339076042175
cats_vs_dogs_resnet18_linear_0,558,1,1,0.03447890654206276,0.9655211567878723
cats_vs_dogs_resnet18_linear_0,559,1,1,0.000797563639935106,0.9992024302482605
cats_vs_dogs_resnet18_linear_0,560,1,1,4.101870581507683e-05,0.9999589920043945
cats_vs_dogs_resnet18_linear_0,561,1,1,6.550987109221751e-06,0.9999934434890747
cats_vs_dogs_resnet18_linear_0,562,1,1,0.002499553607776761,0.997500479221344
cats_vs_dogs_resnet18_linear_0,563,1,1,0.000645711668767035,0.9993543028831482
cats_vs_dogs_resnet18_linear_0,564,1,1,1.0221549928246532e-05,0.9999897480010986
cats_vs_dogs_resnet18_linear_0,565,1,1,8.222791802836582e-05,0.99991774559021
cats_vs_dogs_resnet18_linear_0,566,1,1,0.0003593837027437985,0.9996405839920044
cats_vs_dogs_resnet18_linear_0,567,1,1,0.11668575555086136,0.883314311504364
cats_vs_dogs_resnet18_linear_0,568,1,1,0.0010277227265760303,0.9989722967147827
cats_vs_dogs_resnet18_linear_0,569,1,1,0.0037093458231538534,0.9962906837463379
cats_vs_dogs_resnet18_linear_0,570,1,1,0.00019404583144932985,0.9998059868812561
cats_vs_dogs_resnet18_linear_0,571,1,1,0.00015972401888575405,0.999840259552002
cats_vs_dogs_resnet18_linear_0,572,1,1,0.002917397068813443,0.997082531452179
cats_vs_dogs_resnet18_linear_0,573,1,1,0.0006263147806748748,0.999373733997345
cats_vs_dogs_resnet18_linear_0,574,1,1,0.04076046496629715,0.9592394828796387
cats_vs_dogs_resnet18_linear_0,575,1,1,0.024342212826013565,0.9756577610969543
cats_vs_dogs_resnet18_linear_0,576,1,1,0.03918108344078064,0.960818886756897
cats_vs_dogs_resnet18_linear_0,577,1,1,0.00039728355477564037,0.999602735042572
cats_vs_dogs_resnet18_linear_0,578,1,1,7.301513687707484e-05,0.9999269247055054
cats_vs_dogs_resnet18_linear_0,579,1,1,0.0012304660631343722,0.9987694621086121
cats_vs_dogs_resnet18_linear_0,580,1,1,0.012431686744093895,0.9875683188438416
cats_vs_dogs_resnet18_linear_0,581,1,1,0.0004355956625659019,0.9995643496513367
cats_vs_dogs_resnet18_linear_0,582,1,1,0.00014553456276189536,0.9998544454574585
cats_vs_dogs_resnet18_linear_0,583,1,1,0.0005944487638771534,0.9994055032730103
cats_vs_dogs_resnet18_linear_0,584,1,1,0.0007700279238633811,0.9992300271987915
cats_vs_dogs_resnet18_linear_0,585,1,1,0.0010927208932116628,0.9989073276519775
cats_vs_dogs_resnet18_linear_0,586,1,1,0.0005501342820934951,0.9994499087333679
cats_vs_dogs_resnet18_linear_0,587,1,1,0.00015444890595972538,0.9998455047607422
cats_vs_dogs_resnet18_linear_0,588,1,1,0.0022878043819218874,0.9977121353149414
cats_vs_dogs_resnet18_linear_0,589,1,1,3.646879849839024e-05,0.9999635219573975
cats_vs_dogs_resnet18_linear_0,590,1,1,0.00016667232557665557,0.999833345413208
cats_vs_dogs_resnet18_linear_0,591,1,1,0.05066261813044548,0.949337363243103
cats_vs_dogs_resnet18_linear_0,592,1,1,0.4576032757759094,0.5423966646194458
cats_vs_dogs_resnet18_linear_0,593,1,1,0.0005817395285703242,0.9994182586669922
cats_vs_dogs_resnet18_linear_0,594,1,1,0.00038101576501503587,0.9996190071105957
cats_vs_dogs_resnet18_linear_0,595,1,1,0.021865086629986763,0.9781348705291748
cats_vs_dogs_resnet18_linear_0,596,1,1,0.003968615084886551,0.9960313439369202
cats_vs_dogs_resnet18_linear_0,597,1,1,0.0004354843695182353,0.9995644688606262
cats_vs_dogs_resnet18_linear_0,598,1,1,0.16313417255878448,0.8368659019470215
cats_vs_dogs_resnet18_linear_0,599,1,1,0.00020000584481749684,0.9998000264167786
